Fit type: Flat Omega_m, Omega_DE fit with constant equation of state
Parameters: 
w0: -1.32
wa: 0
Om: 0.3139
Ode: 0.6861
Sm: 23.812
Alpha: 1.5215
Beta: 1.5574
Number of intrinsic dispersion datasets: 1
 Dataset: 0 intrinsicdisp: 0.13
Pecz: 0.001
Number of objects: 115
SN          zcmb   zhel  raw_mag    err  D_L+sm    corr  fitmag    err    diff   chisq   sigma    width   dwidth  colour dcolour set
2001cn     0.015  0.015   15.271  0.013  14.784   0.459  15.243  0.192  -0.028   0.021   0.145    0.911    0.012   0.208   0.007   0
1995bd     0.016  0.016   15.246  0.009  14.848   0.468  15.316  0.190   0.070   0.136   0.368    0.992    0.009   0.293   0.008   0
1994S      0.016  0.016   14.760  0.017  14.885  -0.003  14.882  0.196   0.122   0.392   0.626    1.018    0.026   0.016   0.017   0
1996bo     0.016  0.016   15.816  0.006  14.906   0.715  15.621  0.186  -0.195   1.093   1.045    0.881    0.003   0.343   0.007   0
2000dk     0.016  0.016   15.323  0.005  14.925   0.501  15.427  0.186   0.103   0.309   0.556    0.724    0.006   0.052   0.005   0
1997Y      0.017  0.017   15.284  0.020  14.947   0.141  15.087  0.188  -0.197   1.099   1.048    0.916    0.024   0.008   0.014   0
1996bv     0.017  0.017   15.380  0.019  14.976   0.366  15.342  0.186  -0.038   0.041   0.204    0.989    0.024   0.225   0.009   0
1998V      0.017  0.017   15.094  0.011  15.025   0.186  15.211  0.182   0.117   0.409   0.640    0.909    0.016   0.030   0.006   0
2001cz     0.017  0.017   15.035  0.006  15.041   0.181  15.222  0.181   0.187   1.061   1.030    1.004    0.010   0.120   0.007   0
1999ek     0.018  0.018   15.584  0.004  15.081   0.402  15.482  0.180  -0.102   0.324   0.569    0.892    0.007   0.153   0.005   0
1992bo     0.018  0.018   15.753  0.012  15.141   0.484  15.625  0.178  -0.128   0.517   0.719    0.739    0.006   0.055   0.011   0
1992bc     0.020  0.020   15.086  0.007  15.338  -0.099  15.238  0.171   0.153   0.800   0.895    1.033    0.007  -0.031   0.008   0
2000fa     0.022  0.022   15.832  0.014  15.551   0.199  15.750  0.165  -0.082   0.248   0.498    0.953    0.010   0.081   0.009   0
2000cn     0.023  0.023   16.544  0.007  15.688   0.704  16.392  0.161  -0.152   0.898   0.948    0.732    0.006   0.190   0.006   0
1998eg     0.024  0.024   16.089  0.009  15.715   0.147  15.861  0.165  -0.228   1.904   1.380    0.940    0.029   0.036   0.012   0
1994M      0.024  0.024   16.205  0.041  15.775   0.284  16.059  0.160  -0.145   0.819   0.905    0.854    0.019   0.040   0.022   0
2000ca     0.025  0.025   15.510  0.007  15.811  -0.111  15.700  0.159   0.190   1.436   1.198    1.006    0.013  -0.066   0.006   0
1993H      0.025  0.025   16.735  0.017  15.835   0.847  16.682  0.159  -0.052   0.109   0.330    0.699    0.012   0.250   0.015   0
1992ag     0.026  0.026   16.241  0.021  15.933   0.195  16.128  0.161  -0.113   0.497   0.705    1.030    0.027   0.155   0.018   0
1999gp     0.026  0.026   16.005  0.004  15.942  -0.029  15.913  0.155  -0.092   0.352   0.593    1.104    0.007   0.083   0.004   0
1992P      0.026  0.026   16.037  0.018  15.965  -0.220  15.745  0.192  -0.291   2.310   1.520    1.139    0.084  -0.005   0.018   0
1998ab     0.028  0.028   16.048  0.010  16.095   0.206  16.301  0.152   0.252   2.744   1.656    0.938    0.008   0.071   0.007   0
1997dg     0.030  0.030   16.821  0.014  16.227   0.135  16.362  0.153  -0.459   9.051   3.008    0.917    0.024   0.005   0.010   0
1996C      0.030  0.030   16.636  0.029  16.266   0.121  16.387  0.247  -0.249   1.019   1.009    1.045    0.111   0.122   0.010   0
2001ba     0.031  0.031   16.182  0.006  16.298  -0.067  16.231  0.150   0.049   0.106   0.326    1.000    0.011  -0.043   0.008   0
1990O      0.031  0.031   16.196  0.023  16.303  -0.027  16.276  0.159   0.079   0.251   0.501    1.035    0.033   0.017   0.023   0
1999cc     0.032  0.032   16.791  0.009  16.369   0.310  16.679  0.150  -0.112   0.559   0.748    0.840    0.013   0.043   0.010   0
1996bl     0.035  0.035   16.611  0.010  16.588   0.083  16.671  0.147   0.059   0.162   0.402    0.983    0.015   0.037   0.011   0
2000cf     0.036  0.036   17.091  0.027  16.694   0.285  16.979  0.146  -0.112   0.590   0.768    0.868    0.024   0.054   0.013   0
1999aw     0.039  0.039   16.732  0.005  16.859  -0.244  16.616  0.142  -0.116   0.672   0.820    1.205    0.008   0.044   0.006   0
1992bl     0.043  0.043   17.275  0.033  17.058   0.307  17.366  0.143   0.090   0.401   0.633    0.784    0.016  -0.014   0.020   0
1992bh     0.045  0.045   17.592  0.016  17.171   0.171  17.343  0.142  -0.249   3.086   1.757    0.985    0.016   0.095   0.014   0
1995ac     0.049  0.049   17.026  0.009  17.347  -0.049  17.298  0.140   0.272   3.791   1.947    1.042    0.013   0.010   0.010   0
1993ag     0.050  0.050   17.799  0.014  17.408   0.279  17.687  0.143  -0.112   0.614   0.784    0.915    0.018   0.096   0.017   0
1990af     0.050  0.050   17.723  0.006  17.413   0.399  17.812  0.138   0.089   0.415   0.645    0.737    0.000  -0.001   0.009   0
1993O      0.053  0.053   17.614  0.011  17.535   0.128  17.663  0.138   0.049   0.126   0.355    0.901    0.010  -0.014   0.011   0
1998dx     0.054  0.054   17.660  0.055  17.566   0.361  17.927  0.141   0.267   3.610   1.900    0.733    0.039  -0.028   0.019   0
1992bs     0.063  0.063   18.177  0.041  17.942  -0.055  17.887  0.138  -0.289   4.394   2.096    1.001    0.018  -0.034   0.019   0
1993B      0.071  0.071   18.377  0.054  18.196   0.081  18.277  0.138  -0.100   0.526   0.725    0.988    0.022   0.041   0.026   0
1992ae     0.075  0.075   18.392  0.036  18.323   0.058  18.381  0.139  -0.011   0.006   0.077    0.939    0.021  -0.023   0.025   0
1992bp     0.079  0.079   18.281  0.011  18.445   0.125  18.570  0.136   0.288   4.476   2.116    0.873    0.014  -0.043   0.012   0
1992br     0.088  0.088   19.398  0.073  18.693   0.583  19.276  0.138  -0.121   0.775   0.881    0.650    0.029   0.032   0.037   0
1992aq     0.101  0.101   19.299  0.028  19.017   0.170  19.188  0.141  -0.111   0.621   0.788    0.839    0.032  -0.048   0.020   0
1996ab     0.125  0.125   19.525  0.027  19.519  -0.051  19.468  0.139  -0.057   0.168   0.410    0.957    0.033  -0.074   0.015   0
03D3bh     0.249  0.249   21.132  0.018  21.202  -0.130  21.073  0.132  -0.059   0.204   0.451    0.993    0.008  -0.090   0.013   0
04D3ez     0.263  0.263   21.678  0.004  21.344   0.302  21.646  0.131  -0.032   0.058   0.240    0.895    0.006   0.091   0.003   0
03D4ag     0.285  0.285   21.237  0.005  21.547  -0.185  21.362  0.131   0.126   0.920   0.959    1.059    0.005  -0.061   0.004   0
03D3ba     0.291  0.291   22.049  0.034  21.602   0.355  21.957  0.134  -0.092   0.469   0.685    1.036    0.021   0.263   0.015   0
03D1fc     0.331  0.331   21.800  0.005  21.929   0.162  22.091  0.131   0.291   4.936   2.222    0.937    0.005   0.042   0.004   0
04D3kr     0.337  0.337   21.967  0.003  21.977   0.016  21.993  0.131   0.026   0.040   0.201    1.064    0.004   0.072   0.003   0
04D3nh     0.340  0.340   22.137  0.004  21.999   0.121  22.121  0.131  -0.016   0.016   0.126    1.011    0.006   0.089   0.004   0
03D1bp     0.346  0.346   22.465  0.014  22.043   0.405  22.447  0.132  -0.018   0.018   0.133    0.880    0.007   0.143   0.017   0
04D2fs     0.357  0.357   22.422  0.008  22.124   0.288  22.411  0.131  -0.011   0.007   0.082    0.942    0.009   0.128   0.008   0
04D3fk     0.358  0.358   22.532  0.005  22.129   0.365  22.494  0.131  -0.039   0.087   0.295    0.913    0.005   0.149   0.006   0
04D2cf     0.369  0.369   22.340  0.007  22.209   0.163  22.372  0.131   0.032   0.059   0.242    0.895    0.003   0.002   0.010   0
03D3ay     0.371  0.371   22.201  0.016  22.222   0.021  22.243  0.134   0.043   0.101   0.318    0.968    0.010  -0.018   0.014   0
04D2fp     0.415  0.415   22.528  0.010  22.514   0.064  22.579  0.133   0.050   0.143   0.378    0.964    0.010   0.006   0.015   0
04D2gb     0.430  0.430   22.796  0.018  22.607   0.327  22.935  0.135   0.139   1.048   1.024    0.777    0.013  -0.008   0.025   0
03D3aw     0.449  0.449   22.552  0.016  22.720  -0.005  22.715  0.137   0.163   1.412   1.188    0.955    0.013  -0.048   0.019   0
04D3gt     0.451  0.451   23.235  0.010  22.732   0.502  23.234  0.133  -0.001   0.000   0.007    0.953    0.010   0.276   0.016   0
03D3cd     0.461  0.461   22.562  0.017  22.788  -0.160  22.628  0.142   0.066   0.214   0.462    1.131    0.034   0.025   0.011   0
03D3cc     0.463  0.463   22.558  0.111  22.799  -0.222  22.577  0.134   0.019   0.020   0.142    1.074    0.031  -0.070   0.050   0
04D3df     0.470  0.470   23.465  0.010  22.840   0.504  23.344  0.134  -0.121   0.821   0.906    0.730    0.010   0.060   0.017   0
03D1ax     0.496  0.496   22.957  0.011  22.982   0.086  23.068  0.135   0.110   0.663   0.814    0.899    0.010  -0.044   0.021   0
03D1au     0.504  0.504   22.978  0.010  23.026  -0.142  22.884  0.136  -0.095   0.485   0.696    1.124    0.020   0.030   0.018   0
04D2gc     0.521  0.521   23.321  0.014  23.112   0.188  23.300  0.141  -0.021   0.022   0.150    1.066    0.024   0.185   0.022   0
04D1ak     0.526  0.526   23.631  0.028  23.137   0.295  23.432  0.141  -0.199   1.987   1.410    0.824    0.021   0.018   0.033   0
03D3af     0.532  0.532   23.470  0.027  23.167   0.186  23.353  0.154  -0.117   0.576   0.759    0.907    0.023   0.029   0.031   0
03D1gt     0.548  0.548   24.119  0.048  23.246   0.600  23.845  0.153  -0.274   3.214   1.793    0.856    0.042   0.244   0.050   0
04D4bq     0.550  0.550   23.362  0.020  23.255   0.182  23.437  0.141   0.076   0.287   0.536    0.995    0.029   0.112   0.027   0
04D3hn     0.552  0.552   23.475  0.011  23.263   0.320  23.583  0.135   0.108   0.648   0.805    0.898    0.011   0.106   0.017   0
04D1ag     0.557  0.557   23.003  0.011  23.289  -0.198  23.091  0.133   0.088   0.437   0.661    0.944    0.013  -0.182   0.017   0
03D4gl     0.571  0.571   23.269  0.026  23.355   0.112  23.467  0.148   0.197   1.787   1.337    0.957    0.033   0.030   0.028   0
03D4gf     0.581  0.581   23.351  0.013  23.401  -0.101  23.300  0.138  -0.051   0.139   0.373    1.009    0.026  -0.056   0.024   0
03D1aw     0.582  0.582   23.599  0.020  23.404   0.026  23.430  0.141  -0.169   1.442   1.201    1.002    0.024   0.018   0.030   0
03D4gg     0.592  0.592   23.403  0.024  23.450   0.148  23.599  0.158   0.196   1.546   1.243    0.966    0.049   0.062   0.035   0
03D4dy     0.604  0.604   23.313  0.010  23.504   0.105  23.609  0.133   0.296   4.930   2.220    1.056    0.001   0.122   0.015   0
04D3do     0.610  0.610   23.574  0.014  23.530   0.087  23.617  0.136   0.044   0.103   0.321    0.862    0.013  -0.079   0.019   0
04D4an     0.613  0.613   24.022  0.023  23.543   0.368  23.912  0.144  -0.110   0.588   0.767    0.823    0.025   0.064   0.025   0
04D3co     0.620  0.620   23.781  0.022  23.573   0.060  23.633  0.143  -0.148   1.071   1.035    0.895    0.017  -0.064   0.030   0
03D4dh     0.627  0.627   23.389  0.011  23.602  -0.049  23.553  0.135   0.164   1.492   1.221    1.061    0.013   0.028   0.016   0
03D4at     0.633  0.633   23.746  0.020  23.629  -0.078  23.551  0.145  -0.195   1.819   1.349    0.989    0.029  -0.060   0.030   0
04D3cy     0.643  0.643   23.798  0.021  23.670   0.083  23.753  0.143  -0.045   0.098   0.312    0.963    0.016   0.017   0.029   0
03D1co     0.679  0.679   24.094  0.033  23.816   0.005  23.821  0.157  -0.273   3.042   1.744    0.975    0.032  -0.021   0.047   0
03D1fl     0.688  0.688   23.629  0.015  23.851  -0.108  23.743  0.139   0.114   0.673   0.820    0.999    0.024  -0.070   0.021   0
04D2iu     0.691  0.691   24.258  0.048  23.863   0.421  24.283  0.188   0.025   0.018   0.135    0.799    0.035   0.074   0.056   0
03D4cz     0.695  0.695   24.019  0.036  23.878   0.304  24.182  0.156   0.163   1.097   1.048    0.729    0.024  -0.069   0.043   0
04D2gp     0.707  0.707   24.151  0.047  23.924   0.222  24.146  0.183  -0.005   0.001   0.026    0.801    0.002  -0.052   0.060   0
04D3is     0.710  0.710   24.256  0.027  23.935   0.386  24.321  0.151   0.065   0.185   0.430    0.972    0.002   0.220   0.038   0
04D1aj     0.721  0.721   23.901  0.030  23.976  -0.000  23.976  0.168   0.075   0.199   0.446    1.074    0.067   0.072   0.038   0
04D3fq     0.730  0.730   24.128  0.026  24.009   0.149  24.158  0.150   0.030   0.040   0.200    0.900    0.014  -0.002   0.037   0
04D2ja     0.741  0.741   24.098  0.045  24.049  -0.021  24.029  0.175  -0.069   0.157   0.396    0.945    0.036  -0.067   0.043   0
04D3ks     0.752  0.752   23.882  0.035  24.089   0.020  24.109  0.158   0.227   2.060   1.435    1.013    0.037   0.026   0.043   0
04D3oe     0.756  0.756   24.069  0.026  24.103  -0.074  24.029  0.142  -0.040   0.077   0.278    0.783    0.028  -0.259   0.033   0
03D4fd     0.791  0.791   24.212  0.025  24.224   0.167  24.391  0.150   0.178   1.404   1.185    0.919    0.033   0.028   0.044   0
03D1fq     0.800  0.800   24.519  0.030  24.254   0.337  24.591  0.158   0.072   0.206   0.454    0.806    0.052   0.027   0.030   0
04D3ny     0.810  0.810   24.272  0.050  24.287  -0.110  24.178  0.327  -0.095   0.084   0.290    1.005    0.084  -0.065   0.152   0
04D4dm     0.811  0.811   24.390  0.044  24.291  -0.250  24.041  0.293  -0.349   1.424   1.193    1.000    0.057  -0.161   0.150   0
04D3nc     0.817  0.817   24.271  0.048  24.310  -0.073  24.237  0.284  -0.034   0.014   0.119    1.111    0.064   0.062   0.140   0
03D4cn     0.818  0.818   24.652  0.051  24.314   0.427  24.741  0.329   0.089   0.073   0.271    0.743    0.059   0.023   0.158   0
04D3lu     0.822  0.822   24.342  0.040  24.326   0.106  24.432  0.252   0.090   0.127   0.357    0.950    0.028   0.019   0.116   0
04D3cp     0.830  0.830   24.235  0.063  24.353  -0.865  23.488  0.368  -0.748   4.124   2.031    1.110    0.035  -0.448   0.180   0
04D4bk     0.840  0.840   24.314  0.037  24.385   0.146  24.531  0.225   0.216   0.927   0.963    1.050    0.051   0.142   0.098   0
03D1ew     0.868  0.868   24.359  0.078  24.473  -0.202  24.270  0.366  -0.088   0.058   0.242    1.028    0.040  -0.102   0.169   0
03D1cm     0.870  0.870   24.469  0.066  24.479  -0.317  24.162  0.326  -0.307   0.884   0.940    1.173    0.061  -0.035   0.143   0
03D4di     0.905  0.905   24.288  0.068  24.584  -0.112  24.472  0.288   0.185   0.411   0.641    1.103    0.041   0.029   0.120   0
04D3gx     0.910  0.910   24.708  0.094  24.599  -0.241  24.358  0.368  -0.350   0.904   0.951    0.952    0.047  -0.202   0.163   0
03D4cy     0.927  0.927   24.718  0.109  24.649  -0.523  24.126  0.399  -0.592   2.196   1.482    1.031    0.052  -0.305   0.174   0
04D3ki     0.930  0.930   24.871  0.126  24.657  -0.248  24.410  0.448  -0.461   1.062   1.030    0.901    0.039  -0.256   0.194   0
03D4cx     0.949  0.949   24.504  0.083  24.711   0.304  25.015  0.300   0.511   2.902   1.704    0.882    0.019   0.080   0.124   0
04D3ml     0.950  0.950   24.552  0.082  24.714  -0.094  24.620  0.297   0.068   0.053   0.230    1.182    0.015   0.117   0.122   0
04D3nr     0.960  0.960   24.542  0.075  24.742   0.226  24.969  0.267   0.427   2.560   1.600    0.922    0.045   0.070   0.110   0
04D4dw     0.961  0.961   24.566  0.093  24.745  -0.124  24.621  0.316   0.055   0.030   0.174    0.962    0.058  -0.117   0.138   0
04D3lp     0.983  0.983   24.925  0.168  24.806   0.292  25.097  0.511   0.172   0.114   0.337    0.831    0.049   0.022   0.211   0
04D3dd     1.010  1.010   25.120  0.192  24.878  -0.244  24.635  0.546  -0.485   0.788   0.888    1.088    0.074  -0.071   0.205   0
Total chisquare: 114.736
RMS around fit: 0.197
