#SN	    zcmb    zhel    zerr    mag(mu)  dmag    Zero entries(not provided)
sn1993ag    0.05004 0.04900 0.00000 36.77300 0.15315 0.0  0.0  0.0  0.0  0.0  0.0  0.0  0.0
sn1993o     0.05193 0.05100 0.00000 36.82414 0.14845 0.0  0.0  0.0  0.0  0.0  0.0  0.0  0.0
sn1993h     0.02509 0.02421 0.00004 35.16782 0.16542 0.0  0.0  0.0  0.0  0.0  0.0  0.0  0.0
sn1993b     0.07009 0.06900 0.00000 37.56774 0.15403 0.0  0.0  0.0  0.0  0.0  0.0  0.0  0.0
sn1992bs    0.06337 0.06370 0.00000 37.55158 0.14532 0.0  0.0  0.0  0.0  0.0  0.0  0.0  0.0
sn1992br    0.08779 0.08820 0.00000 38.19157 0.15950 0.0  0.0  0.0  0.0  0.0  0.0  0.0  0.0
sn1992bp    0.07888 0.07930 0.00000 37.52127 0.14743 0.0  0.0  0.0  0.0  0.0  0.0  0.0  0.0
sn1992bo    0.01774 0.01851 0.00024 34.65467 0.18803 0.0  0.0  0.0  0.0  0.0  0.0  0.0  0.0
sn1992bl    0.04293 0.04370 0.00000 36.35865 0.15231 0.0  0.0  0.0  0.0  0.0  0.0  0.0  0.0
sn1992bh    0.04530 0.04500 0.00000 36.65661 0.14876 0.0  0.0  0.0  0.0  0.0  0.0  0.0  0.0
sn1992bc    0.01980 0.02020 0.00000 34.51824 0.17908 0.0  0.0  0.0  0.0  0.0  0.0  0.0  0.0
sn1992aq    0.10092 0.10180 0.00000 38.50881 0.14528 0.0  0.0  0.0  0.0  0.0  0.0  0.0  0.0
sn1992ag    0.02600 0.02500 0.00200 35.23006 0.17194 0.0  0.0  0.0  0.0  0.0  0.0  0.0  0.0
sn1992ae    0.07461 0.07500 0.00003 37.66636 0.14793 0.0  0.0  0.0  0.0  0.0  0.0  0.0  0.0
sn1992p     0.02649 0.02540 0.00003 35.51997 0.18286 0.0  0.0  0.0  0.0  0.0  0.0  0.0  0.0
sn1990af    0.04992 0.05030 0.00000 36.69997 0.14653 0.0  0.0  0.0  0.0  0.0  0.0  0.0  0.0
sn1990o     0.03060 0.03066 0.00010 35.54045 0.16162 0.0  0.0  0.0  0.0  0.0  0.0  0.0  0.0
sn2001cz    0.01635 0.01538 0.00003 34.09245 0.14478 0.0  0.0  0.0  0.0  0.0  0.0  0.0  0.0
sn2001cn    0.01544 0.01550 0.00083 34.03299 0.15060 0.0  0.0  0.0  0.0  0.0  0.0  0.0  0.0
sn2001ba    0.03053 0.02942 0.00003 35.58181 0.09201 0.0  0.0  0.0  0.0  0.0  0.0  0.0  0.0
sn2000ca    0.02453 0.02362 0.00020 34.95772 0.10909 0.0  0.0  0.0  0.0  0.0  0.0  0.0  0.0
sn2000bh    0.02395 0.02281 0.00003 34.93552 0.11563 0.0  0.0  0.0  0.0  0.0  0.0  0.0  0.0
sn1999gp    0.02604 0.02675 0.00004 35.35662 0.10678 0.0  0.0  0.0  0.0  0.0  0.0  0.0  0.0
sn1993ac    0.04895 0.04900 0.00000 36.63911 0.17670 0.0  0.0  0.0  0.0  0.0  0.0  0.0  0.0
sn1994m     0.02431 0.02316 0.00043 35.07949 0.18644 0.0  0.0  0.0  0.0  0.0  0.0  0.0  0.0
sn1994s     0.01517 0.01518 0.00002 34.20411 0.22552 0.0  0.0  0.0  0.0  0.0  0.0  0.0  0.0
sn1994t     0.03564 0.03460 0.00018 36.10505 0.18809 0.0  0.0  0.0  0.0  0.0  0.0  0.0  0.0
sn1995ac    0.04872 0.04990 0.00018 36.35073 0.16696 0.0  0.0  0.0  0.0  0.0  0.0  0.0  0.0
sn1995ak    0.02198 0.02272 0.00007 34.88112 0.19626 0.0  0.0  0.0  0.0  0.0  0.0  0.0  0.0
sn1996c     0.03009 0.02959 0.00000 35.67359 0.18151 0.0  0.0  0.0  0.0  0.0  0.0  0.0  0.0
sn1996ab    0.12440 0.12400 0.00000 38.95216 0.16802 0.0  0.0  0.0  0.0  0.0  0.0  0.0  0.0
sn1996bl    0.03485 0.03600 0.00000 35.82603 0.17378 0.0  0.0  0.0  0.0  0.0  0.0  0.0  0.0
sn1996bv    0.01673 0.01667 0.00004 34.15927 0.20935 0.0  0.0  0.0  0.0  0.0  0.0  0.0  0.0
sn1996bo    0.01632 0.01728 0.00002 34.11448 0.20988 0.0  0.0  0.0  0.0  0.0  0.0  0.0  0.0
sn2000fa    0.02179 0.02127 0.00002 34.90485 0.28261 0.0  0.0  0.0  0.0  0.0  0.0  0.0  0.0
sn2000dk    0.01645 0.01744 0.00007 34.18183 0.29221 0.0  0.0  0.0  0.0  0.0  0.0  0.0  0.0
sn2000cn    0.02321 0.02349 0.00003 35.11728 0.27662 0.0  0.0  0.0  0.0  0.0  0.0  0.0  0.0
sn2000cf    0.03646 0.03642 0.00007 36.11428 0.26725 0.0  0.0  0.0  0.0  0.0  0.0  0.0  0.0
sn1999gd    0.01926 0.01846 0.00000 35.15600 0.28570 0.0  0.0  0.0  0.0  0.0  0.0  0.0  0.0
sn1999ek    0.01760 0.01752 0.00003 34.39435 0.30888 0.0  0.0  0.0  0.0  0.0  0.0  0.0  0.0
sn1999cc    0.03153 0.03133 0.00008 35.73461 0.27071 0.0  0.0  0.0  0.0  0.0  0.0  0.0  0.0
sn1998eg    0.02354 0.02476 0.00001 35.18703 0.27889 0.0  0.0  0.0  0.0  0.0  0.0  0.0  0.0
sn1998ef    0.01674 0.01774 0.00003 33.88781 0.29257 0.0  0.0  0.0  0.0  0.0  0.0  0.0  0.0
sn1998dx    0.05371 0.05422 0.00004 36.45590 0.26835 0.0  0.0  0.0  0.0  0.0  0.0  0.0  0.0
sn1998co    0.01699 0.01807 0.00000 34.26780 0.29091 0.0  0.0  0.0  0.0  0.0  0.0  0.0  0.0
sn1998ab    0.02787 0.02713 0.00006 35.03402 0.27301 0.0  0.0  0.0  0.0  0.0  0.0  0.0  0.0
sn1998v     0.01717 0.01757 0.00003 34.18604 0.29326 0.0  0.0  0.0  0.0  0.0  0.0  0.0  0.0
sn1997dg    0.02965 0.03080 0.00005 35.95895 0.27387 0.0  0.0  0.0  0.0  0.0  0.0  0.0  0.0
sn1997y     0.01639 0.01587 0.00012 34.37640 0.29237 0.0  0.0  0.0  0.0  0.0  0.0  0.0  0.0
sn1999aa    0.01525 0.01444 0.00001 34.09600 0.14590 0.0  0.0  0.0  0.0  0.0  0.0  0.0  0.0
sn1999ao    0.05431 0.05390 0.00100 36.96861 0.07719 0.0  0.0  0.0  0.0  0.0  0.0  0.0  0.0
sn1999ar    0.15588 0.15480 0.00100 39.29446 0.05997 0.0  0.0  0.0  0.0  0.0  0.0  0.0  0.0
sn1999aw    0.03924 0.03800 0.00100 36.30553 0.07175 0.0  0.0  0.0  0.0  0.0  0.0  0.0  0.0
sn1999bi    0.12393 0.12270 0.00100 38.81001 0.07160 0.0  0.0  0.0  0.0  0.0  0.0  0.0  0.0
sn1999bm    0.14394 0.14280 0.00100 39.05282 0.06344 0.0  0.0  0.0  0.0  0.0  0.0  0.0  0.0
sn1999bn    0.12971 0.12850 0.00100 38.99561 0.06318 0.0  0.0  0.0  0.0  0.0  0.0  0.0  0.0
sn1999bp    0.07823 0.07700 0.00100 37.78101 0.06812 0.0  0.0  0.0  0.0  0.0  0.0  0.0  0.0
1996h       0.62000 0.62000 0.00000 43.20662 0.37432 0.0  0.0  0.0  0.0  0.0  0.0  0.0  0.0
1996i       0.57000 0.57000 0.00000 42.62995 0.32940 0.0  0.0  0.0  0.0  0.0  0.0  0.0  0.0
1996j       0.30000 0.30000 0.00000 40.90686 0.32266 0.0  0.0  0.0  0.0  0.0  0.0  0.0  0.0
1996k       0.38000 0.38000 0.00000 41.98145 0.29468 0.0  0.0  0.0  0.0  0.0  0.0  0.0  0.0
1996u       0.43000 0.43000 0.00000 42.28653 0.35394 0.0  0.0  0.0  0.0  0.0  0.0  0.0  0.0
1995ao      0.24000 0.24000 0.00000 40.92039 0.60469 0.0  0.0  0.0  0.0  0.0  0.0  0.0  0.0
1995ap      0.30000 0.30000 0.00000 40.15245 0.46318 0.0  0.0  0.0  0.0  0.0  0.0  0.0  0.0
1996t       0.24000 0.24000 0.00000 40.89415 0.28151 0.0  0.0  0.0  0.0  0.0  0.0  0.0  0.0
1997ce      0.44000 0.44000 0.00000 42.01895 0.29091 0.0  0.0  0.0  0.0  0.0  0.0  0.0  0.0
1997cj      0.50000 0.50000 0.00000 42.42512 0.28503 0.0  0.0  0.0  0.0  0.0  0.0  0.0  0.0
1997ck      0.97000 0.97000 0.00000 43.08419 0.74258 0.0  0.0  0.0  0.0  0.0  0.0  0.0  0.0
1995k       0.47900 0.47900 0.00000 42.25933 0.30535 0.0  0.0  0.0  0.0  0.0  0.0  0.0  0.0
1997ap      0.83000 0.83000 0.00000 43.49349 0.37210 0.0  0.0  0.0  0.0  0.0  0.0  0.0  0.0
1997am      0.41600 0.41600 0.00000 42.04221 0.43961 0.0  0.0  0.0  0.0  0.0  0.0  0.0  0.0
1997aj      0.58100 0.58100 0.00000 41.98048 0.42258 0.0  0.0  0.0  0.0  0.0  0.0  0.0  0.0
1997ai      0.45000 0.45000 0.00000 41.79653 0.36790 0.0  0.0  0.0  0.0  0.0  0.0  0.0  0.0
1997af      0.57900 0.57900 0.00000 43.11027 0.56240 0.0  0.0  0.0  0.0  0.0  0.0  0.0  0.0
1997ac      0.32000 0.32000 0.00000 41.18855 0.33969 0.0  0.0  0.0  0.0  0.0  0.0  0.0  0.0
1997r       0.65700 0.65700 0.00000 43.08129 0.54944 0.0  0.0  0.0  0.0  0.0  0.0  0.0  0.0
1997p       0.47200 0.47200 0.00000 42.09907 0.46999 0.0  0.0  0.0  0.0  0.0  0.0  0.0  0.0
1997o       0.37400 0.37400 0.00000 43.11534 0.69442 0.0  0.0  0.0  0.0  0.0  0.0  0.0  0.0
1997h       0.52600 0.52600 0.00000 42.01331 0.40247 0.0  0.0  0.0  0.0  0.0  0.0  0.0  0.0
1997g       0.76300 0.76300 0.00000 44.36571 0.88547 0.0  0.0  0.0  0.0  0.0  0.0  0.0  0.0
1997f       0.58000 0.58000 0.00000 42.93988 0.39514 0.0  0.0  0.0  0.0  0.0  0.0  0.0  0.0
1996cn      0.43000 0.43000 0.00000 41.88998 0.39329 0.0  0.0  0.0  0.0  0.0  0.0  0.0  0.0
1996cm      0.45000 0.45000 0.00000 42.28251 0.42265 0.0  0.0  0.0  0.0  0.0  0.0  0.0  0.0
1996cl      0.82800 0.82800 0.00000 44.20302 0.61192 0.0  0.0  0.0  0.0  0.0  0.0  0.0  0.0
1996ck      0.65600 0.65600 0.00000 43.18155 0.52871 0.0  0.0  0.0  0.0  0.0  0.0  0.0  0.0
1996ci      0.49500 0.49500 0.00000 42.12050 0.39827 0.0  0.0  0.0  0.0  0.0  0.0  0.0  0.0
1996cg      0.49000 0.49000 0.00000 41.82171 0.35525 0.0  0.0  0.0  0.0  0.0  0.0  0.0  0.0
1996cf      0.57000 0.57000 0.00000 42.74257 0.39544 0.0  0.0  0.0  0.0  0.0  0.0  0.0  0.0
1995ba      0.38800 0.38800 0.00000 42.09697 0.37073 0.0  0.0  0.0  0.0  0.0  0.0  0.0  0.0
1995az      0.45000 0.45000 0.00000 42.21282 0.37726 0.0  0.0  0.0  0.0  0.0  0.0  0.0  0.0
1995ay      0.48000 0.48000 0.00000 42.12663 0.40349 0.0  0.0  0.0  0.0  0.0  0.0  0.0  0.0
1995ax      0.61500 0.61500 0.00000 42.61087 0.52086 0.0  0.0  0.0  0.0  0.0  0.0  0.0  0.0
1995aw      0.40000 0.40000 0.00000 42.10777 0.38204 0.0  0.0  0.0  0.0  0.0  0.0  0.0  0.0
1995at      0.65500 0.65500 0.00000 42.33051 0.49625 0.0  0.0  0.0  0.0  0.0  0.0  0.0  0.0
1995as      0.49800 0.49800 0.00000 43.02962 0.45118 0.0  0.0  0.0  0.0  0.0  0.0  0.0  0.0
1995ar      0.46500 0.46500 0.00000 41.83757 0.67774 0.0  0.0  0.0  0.0  0.0  0.0  0.0  0.0
1995aq      0.45300 0.45300 0.00000 42.68559 0.38855 0.0  0.0  0.0  0.0  0.0  0.0  0.0  0.0
1994g       0.42500 0.42500 0.00000 41.30108 0.36645 0.0  0.0  0.0  0.0  0.0  0.0  0.0  0.0
1999fw      0.27800 0.27800 0.00000 40.67298 0.20573 0.0  0.0  0.0  0.0  0.0  0.0  0.0  0.0
1999fn      0.47700 0.47700 0.00000 42.00717 0.14950 0.0  0.0  0.0  0.0  0.0  0.0  0.0  0.0
1999fm      0.95000 0.95000 0.00000 43.69726 0.27444 0.0  0.0  0.0  0.0  0.0  0.0  0.0  0.0
1999fk      1.05700 1.05700 0.00000 44.07874 0.21158 0.0  0.0  0.0  0.0  0.0  0.0  0.0  0.0
1999fj      0.81600 0.81600 0.00000 43.79512 0.42398 0.0  0.0  0.0  0.0  0.0  0.0  0.0  0.0
1999ff      0.45500 0.45500 0.00000 42.35221 0.23911 0.0  0.0  0.0  0.0  0.0  0.0  0.0  0.0
2002ad      0.51400 0.51400 0.00000 42.42755 0.42758 0.0  0.0  0.0  0.0  0.0  0.0  0.0  0.0
2002ab      0.42300 0.42300 0.00000 41.61419 0.23955 0.0  0.0  0.0  0.0  0.0  0.0  0.0  0.0
2002aa      0.94600 0.94600 0.00000 43.15975 0.80674 0.0  0.0  0.0  0.0  0.0  0.0  0.0  0.0
2002x       0.85900 0.85900 0.00000 44.02281 0.30411 0.0  0.0  0.0  0.0  0.0  0.0  0.0  0.0
2002w       1.03100 1.03100 0.00000 42.17616 1.28660 0.0  0.0  0.0  0.0  0.0  0.0  0.0  0.0
2001kd      0.93600 0.93600 0.00000 44.14889 0.51833 0.0  0.0  0.0  0.0  0.0  0.0  0.0  0.0
2001jp      0.52800 0.52800 0.00000 42.35288 0.24075 0.0  0.0  0.0  0.0  0.0  0.0  0.0  0.0
2001jn      0.64500 0.64500 0.00000 44.03537 0.96415 0.0  0.0  0.0  0.0  0.0  0.0  0.0  0.0
2001jm      0.97800 0.97800 0.00000 43.65265 0.31297 0.0  0.0  0.0  0.0  0.0  0.0  0.0  0.0
2001jh      0.88500 0.88500 0.00000 44.17900 0.46646 0.0  0.0  0.0  0.0  0.0  0.0  0.0  0.0
2001jf      0.81500 0.81500 0.00000 44.13471 0.91948 0.0  0.0  0.0  0.0  0.0  0.0  0.0  0.0
2001iy      0.56800 0.56800 0.00000 42.56102 0.29331 0.0  0.0  0.0  0.0  0.0  0.0  0.0  0.0
2001ix      0.71100 0.71100 0.00000 43.24912 0.24891 0.0  0.0  0.0  0.0  0.0  0.0  0.0  0.0
2001iw      0.33960 0.33960 0.00000 41.10227 0.25955 0.0  0.0  0.0  0.0  0.0  0.0  0.0  0.0
2001iv      0.39650 0.39650 0.00000 41.40841 0.24055 0.0  0.0  0.0  0.0  0.0  0.0  0.0  0.0
2001hy      0.81200 0.81200 0.00000 43.81332 0.28294 0.0  0.0  0.0  0.0  0.0  0.0  0.0  0.0
2001hx      0.79900 0.79900 0.00000 43.16834 0.27445 0.0  0.0  0.0  0.0  0.0  0.0  0.0  0.0
2001hu      0.88200 0.88200 0.00000 42.93332 0.32485 0.0  0.0  0.0  0.0  0.0  0.0  0.0  0.0
2001hs      0.83300 0.83300 0.00000 43.40737 0.34735 0.0  0.0  0.0  0.0  0.0  0.0  0.0  0.0
2001fs      0.87400 0.87400 0.00000 43.38658 0.46231 0.0  0.0  0.0  0.0  0.0  0.0  0.0  0.0
2001fo      0.77200 0.77200 0.00000 43.43549 0.26342 0.0  0.0  0.0  0.0  0.0  0.0  0.0  0.0
2000fr      0.54300 0.54300 0.00000 42.39192 0.13520 0.0  0.0  0.0  0.0  0.0  0.0  0.0  0.0
1998bi      0.75000 0.75000 0.00000 43.16727 0.13552 0.0  0.0  0.0  0.0  0.0  0.0  0.0  0.0
1998be      0.64000 0.64000 0.00000 42.73026 0.22508 0.0  0.0  0.0  0.0  0.0  0.0  0.0  0.0
1998ba      0.43000 0.43000 0.00000 42.20285 0.14346 0.0  0.0  0.0  0.0  0.0  0.0  0.0  0.0
1998ay      0.64000 0.64000 0.00000 43.18818 0.18654 0.0  0.0  0.0  0.0  0.0  0.0  0.0  0.0
1998ax      0.49700 0.49700 0.00000 42.40903 0.15849 0.0  0.0  0.0  0.0  0.0  0.0  0.0  0.0
1998aw      0.44000 0.44000 0.00000 41.99644 0.12776 0.0  0.0  0.0  0.0  0.0  0.0  0.0  0.0
1998as      0.35500 0.35500 0.00000 41.51672 0.13097 0.0  0.0  0.0  0.0  0.0  0.0  0.0  0.0
1997ez      0.78000 0.78000 0.00000 43.49076 0.15112 0.0  0.0  0.0  0.0  0.0  0.0  0.0  0.0
1997eq      0.54000 0.54000 0.00000 42.43391 0.12137 0.0  0.0  0.0  0.0  0.0  0.0  0.0  0.0
1997ek      0.86000 0.86000 0.00000 43.74510 0.15615 0.0  0.0  0.0  0.0  0.0  0.0  0.0  0.0
04Eag       1.02000 1.02000 0.00000 44.19940 0.22308 0.0  0.0  0.0  0.0  0.0  0.0  0.0  0.0
04Gre       1.14000 1.14000 0.00000 44.28391 0.28052 0.0  0.0  0.0  0.0  0.0  0.0  0.0  0.0
04Man       0.85400 0.85400 0.00000 43.91537 0.21911 0.0  0.0  0.0  0.0  0.0  0.0  0.0  0.0
04Mcg       1.37000 1.37000 0.00000 44.79105 0.32451 0.0  0.0  0.0  0.0  0.0  0.0  0.0  0.0
04Omb       0.97500 0.97500 0.00000 44.22849 0.20061 0.0  0.0  0.0  0.0  0.0  0.0  0.0  0.0
04Pat       0.97000 0.97000 0.00000 44.58424 0.24042 0.0  0.0  0.0  0.0  0.0  0.0  0.0  0.0
04Rak       0.74000 0.74000 0.00000 43.41739 0.19633 0.0  0.0  0.0  0.0  0.0  0.0  0.0  0.0
04Sas       1.39000 1.39000 0.00000 44.82741 0.59126 0.0  0.0  0.0  0.0  0.0  0.0  0.0  0.0
04Yow       0.46000 0.46000 0.00000 42.16150 0.19053 0.0  0.0  0.0  0.0  0.0  0.0  0.0  0.0
05Fer       1.02000 1.02000 0.00000 43.98105 0.24122 0.0  0.0  0.0  0.0  0.0  0.0  0.0  0.0
05Gab       1.12000 1.12000 0.00000 44.24951 0.24168 0.0  0.0  0.0  0.0  0.0  0.0  0.0  0.0
05Lan       1.23000 1.23000 0.00000 44.85226 0.23625 0.0  0.0  0.0  0.0  0.0  0.0  0.0  0.0
05Red       1.19000 1.19000 0.00000 44.12073 0.24576 0.0  0.0  0.0  0.0  0.0  0.0  0.0  0.0
05Spo       0.83900 0.83900 0.00000 43.59720 0.21177 0.0  0.0  0.0  0.0  0.0  0.0  0.0  0.0
05Str       1.01000 1.01000 0.00000 44.44662 0.19520 0.0  0.0  0.0  0.0  0.0  0.0  0.0  0.0
05Zwi       0.52100 0.52100 0.00000 42.43043 0.19471 0.0  0.0  0.0  0.0  0.0  0.0  0.0  0.0
2002dc      0.47500 0.47500 0.00000 42.18515 0.21618 0.0  0.0  0.0  0.0  0.0  0.0  0.0  0.0
2002dd      0.95000 0.95000 0.00000 43.76984 0.21296 0.0  0.0  0.0  0.0  0.0  0.0  0.0  0.0
2002fw      1.30000 1.30000 0.00000 44.94910 0.35106 0.0  0.0  0.0  0.0  0.0  0.0  0.0  0.0
2002hp      1.30500 1.30500 0.00000 44.41570 0.29203 0.0  0.0  0.0  0.0  0.0  0.0  0.0  0.0
2002hr      0.52600 0.52600 0.00000 43.02118 0.23452 0.0  0.0  0.0  0.0  0.0  0.0  0.0  0.0
2002kd      0.73500 0.73500 0.00000 43.11435 0.18305 0.0  0.0  0.0  0.0  0.0  0.0  0.0  0.0
2002ki      1.14000 1.14000 0.00000 44.02896 0.77066 0.0  0.0  0.0  0.0  0.0  0.0  0.0  0.0
2003ak      1.55100 1.55100 0.00000 45.33174 0.39591 0.0  0.0  0.0  0.0  0.0  0.0  0.0  0.0
2003az      1.26500 1.26500 0.00000 44.63126 0.23197 0.0  0.0  0.0  0.0  0.0  0.0  0.0  0.0
2003dy      1.34000 1.34000 0.00000 44.95315 0.25244 0.0  0.0  0.0  0.0  0.0  0.0  0.0  0.0
2003eq      0.84000 0.84000 0.00000 43.56203 0.19566 0.0  0.0  0.0  0.0  0.0  0.0  0.0  0.0
03D4au      0.46800 0.46800 0.00000 42.49342 0.15634 0.0  0.0  0.0  0.0  0.0  0.0  0.0  0.0
04D4bk      0.84000 0.84000 0.00000 43.35133 0.32696 0.0  0.0  0.0  0.0  0.0  0.0  0.0  0.0
04D3nr      0.96000 0.96000 0.00000 43.58689 0.42726 0.0  0.0  0.0  0.0  0.0  0.0  0.0  0.0
04D3lu      0.82180 0.82180 0.00000 43.53655 0.34816 0.0  0.0  0.0  0.0  0.0  0.0  0.0  0.0
04D3ki      0.93000 0.93000 0.00000 44.63486 0.68912 0.0  0.0  0.0  0.0  0.0  0.0  0.0  0.0
04D3gt      0.45100 0.45100 0.00000 41.84694 0.13654 0.0  0.0  0.0  0.0  0.0  0.0  0.0  0.0
04D3do      0.61000 0.61000 0.00000 42.88270 0.14611 0.0  0.0  0.0  0.0  0.0  0.0  0.0  0.0
04D3cp      0.83000 0.83000 0.00000 44.69224 0.45796 0.0  0.0  0.0  0.0  0.0  0.0  0.0  0.0
04D2gp      0.70700 0.70700 0.00000 43.32029 0.25095 0.0  0.0  0.0  0.0  0.0  0.0  0.0  0.0
04D2fp      0.41500 0.41500 0.00000 41.76968 0.12867 0.0  0.0  0.0  0.0  0.0  0.0  0.0  0.0
04D1ag      0.55700 0.55700 0.00000 42.64755 0.14625 0.0  0.0  0.0  0.0  0.0  0.0  0.0  0.0
03D4fd      0.79100 0.79100 0.00000 43.33486 0.19214 0.0  0.0  0.0  0.0  0.0  0.0  0.0  0.0
03D4cz      0.69500 0.69500 0.00000 43.15595 0.17715 0.0  0.0  0.0  0.0  0.0  0.0  0.0  0.0
03D4at      0.63300 0.63300 0.00000 43.20035 0.20473 0.0  0.0  0.0  0.0  0.0  0.0  0.0  0.0
03D3bh      0.24860 0.24860 0.00000 40.62918 0.14417 0.0  0.0  0.0  0.0  0.0  0.0  0.0  0.0
03D3af      0.53200 0.53200 0.00000 42.65102 0.19854 0.0  0.0  0.0  0.0  0.0  0.0  0.0  0.0
03D1fc      0.33100 0.33100 0.00000 40.92591 0.12487 0.0  0.0  0.0  0.0  0.0  0.0  0.0  0.0
03D1bp      0.34600 0.34600 0.00000 41.28164 0.13399 0.0  0.0  0.0  0.0  0.0  0.0  0.0  0.0
04D4dw      0.96100 0.96100 0.00000 44.08601 0.54123 0.0  0.0  0.0  0.0  0.0  0.0  0.0  0.0
04D4an      0.61300 0.61300 0.00000 42.95771 0.14706 0.0  0.0  0.0  0.0  0.0  0.0  0.0  0.0
04D3nh      0.34020 0.34020 0.00000 41.26280 0.12422 0.0  0.0  0.0  0.0  0.0  0.0  0.0  0.0
04D3lp      0.98300 0.98300 0.00000 43.96861 0.87381 0.0  0.0  0.0  0.0  0.0  0.0  0.0  0.0
04D3is      0.71000 0.71000 0.00000 43.03031 0.18498 0.0  0.0  0.0  0.0  0.0  0.0  0.0  0.0
04D3fq      0.73000 0.73000 0.00000 43.31129 0.17206 0.0  0.0  0.0  0.0  0.0  0.0  0.0  0.0
04D3df      0.47000 0.47000 0.00000 42.29504 0.14945 0.0  0.0  0.0  0.0  0.0  0.0  0.0  0.0
04D3co      0.62000 0.62000 0.00000 43.09585 0.15052 0.0  0.0  0.0  0.0  0.0  0.0  0.0  0.0
04D2gc      0.52100 0.52100 0.00000 42.28133 0.17170 0.0  0.0  0.0  0.0  0.0  0.0  0.0  0.0
04D2cf      0.36900 0.36900 0.00000 41.50994 0.12713 0.0  0.0  0.0  0.0  0.0  0.0  0.0  0.0
03D4gl      0.57100 0.57100 0.00000 42.45639 0.18479 0.0  0.0  0.0  0.0  0.0  0.0  0.0  0.0
03D4dy      0.60400 0.60400 0.00000 42.44229 0.14259 0.0  0.0  0.0  0.0  0.0  0.0  0.0  0.0
03D4cy      0.92710 0.92710 0.00000 44.74382 0.61668 0.0  0.0  0.0  0.0  0.0  0.0  0.0  0.0
03D4ag      0.28500 0.28500 0.00000 40.71172 0.12881 0.0  0.0  0.0  0.0  0.0  0.0  0.0  0.0
03D3ba      0.29120 0.29120 0.00000 40.79360 0.12833 0.0  0.0  0.0  0.0  0.0  0.0  0.0  0.0
03D1gt      0.54800 0.54800 0.00000 42.68456 0.16312 0.0  0.0  0.0  0.0  0.0  0.0  0.0  0.0
03D1ew      0.86800 0.86800 0.00000 43.95514 0.69704 0.0  0.0  0.0  0.0  0.0  0.0  0.0  0.0
03D1ax      0.49600 0.49600 0.00000 42.21944 0.16044 0.0  0.0  0.0  0.0  0.0  0.0  0.0  0.0
04D4dm      0.81100 0.81100 0.00000 44.05576 0.35654 0.0  0.0  0.0  0.0  0.0  0.0  0.0  0.0
04D3oe      0.75600 0.75600 0.00000 43.67204 0.20411 0.0  0.0  0.0  0.0  0.0  0.0  0.0  0.0
04D3nc      0.81700 0.81700 0.00000 43.56784 0.30503 0.0  0.0  0.0  0.0  0.0  0.0  0.0  0.0
04D3ks      0.75200 0.75200 0.00000 43.14350 0.17905 0.0  0.0  0.0  0.0  0.0  0.0  0.0  0.0
04D3hn      0.55160 0.55160 0.00000 42.40729 0.14685 0.0  0.0  0.0  0.0  0.0  0.0  0.0  0.0
04D3fk      0.35780 0.35780 0.00000 41.38943 0.12575 0.0  0.0  0.0  0.0  0.0  0.0  0.0  0.0
04D3dd      1.01000 1.01000 0.00000 44.68962 0.91041 0.0  0.0  0.0  0.0  0.0  0.0  0.0  0.0
04D2ja      0.74100 0.74100 0.00000 43.48202 0.16126 0.0  0.0  0.0  0.0  0.0  0.0  0.0  0.0
04D2gb      0.43000 0.43000 0.00000 41.83728 0.13849 0.0  0.0  0.0  0.0  0.0  0.0  0.0  0.0
04D1ak      0.52600 0.52600 0.00000 42.67369 0.15180 0.0  0.0  0.0  0.0  0.0  0.0  0.0  0.0
03D4gg      0.59200 0.59200 0.00000 42.52419 0.19708 0.0  0.0  0.0  0.0  0.0  0.0  0.0  0.0
03D4di      0.90500 0.90500 0.00000 43.68610 0.42470 0.0  0.0  0.0  0.0  0.0  0.0  0.0  0.0
03D4cx      0.94900 0.94900 0.00000 43.46797 0.46738 0.0  0.0  0.0  0.0  0.0  0.0  0.0  0.0
03D3cd      0.46070 0.46070 0.00000 41.97417 0.26135 0.0  0.0  0.0  0.0  0.0  0.0  0.0  0.0
03D3ay      0.37090 0.37090 0.00000 41.50232 0.13203 0.0  0.0  0.0  0.0  0.0  0.0  0.0  0.0
03D1fq      0.80000 0.80000 0.00000 44.41998 0.53799 0.0  0.0  0.0  0.0  0.0  0.0  0.0  0.0
03D1co      0.67900 0.67900 0.00000 43.41701 0.17560 0.0  0.0  0.0  0.0  0.0  0.0  0.0  0.0
03D1aw      0.58170 0.58170 0.00000 42.83750 0.18419 0.0  0.0  0.0  0.0  0.0  0.0  0.0  0.0
04D4bq      0.55000 0.55000 0.00000 42.39997 0.15823 0.0  0.0  0.0  0.0  0.0  0.0  0.0  0.0
04D3ny      0.81000 0.81000 0.00000 43.72785 0.49192 0.0  0.0  0.0  0.0  0.0  0.0  0.0  0.0
04D3ml      0.95000 0.95000 0.00000 43.78078 0.42102 0.0  0.0  0.0  0.0  0.0  0.0  0.0  0.0
04D3kr      0.33730 0.33730 0.00000 41.18129 0.12487 0.0  0.0  0.0  0.0  0.0  0.0  0.0  0.0
04D3gx      0.91000 0.91000 0.00000 44.40794 0.39446 0.0  0.0  0.0  0.0  0.0  0.0  0.0  0.0
04D3ez      0.26300 0.26300 0.00000 40.63995 0.12332 0.0  0.0  0.0  0.0  0.0  0.0  0.0  0.0
04D3cy      0.64300 0.64300 0.00000 43.01203 0.16129 0.0  0.0  0.0  0.0  0.0  0.0  0.0  0.0
04D2iu      0.69100 0.69100 0.00000 43.14072 0.17086 0.0  0.0  0.0  0.0  0.0  0.0  0.0  0.0
04D2fs      0.35700 0.35700 0.00000 41.35887 0.12907 0.0  0.0  0.0  0.0  0.0  0.0  0.0  0.0
04D1aj      0.72100 0.72100 0.00000 43.12856 0.18554 0.0  0.0  0.0  0.0  0.0  0.0  0.0  0.0
03D4gf      0.58100 0.58100 0.00000 42.79181 0.14751 0.0  0.0  0.0  0.0  0.0  0.0  0.0  0.0
03D4dh      0.62680 0.62680 0.00000 42.70734 0.14536 0.0  0.0  0.0  0.0  0.0  0.0  0.0  0.0
03D4cn      0.81800 0.81800 0.00000 43.57314 0.56230 0.0  0.0  0.0  0.0  0.0  0.0  0.0  0.0
03D3aw      0.44900 0.44900 0.00000 41.90458 0.15033 0.0  0.0  0.0  0.0  0.0  0.0  0.0  0.0
03D1fl      0.68800 0.68800 0.00000 43.04468 0.17901 0.0  0.0  0.0  0.0  0.0  0.0  0.0  0.0
03D1cm      0.87000 0.87000 0.00000 44.08284 0.49667 0.0  0.0  0.0  0.0  0.0  0.0  0.0  0.0
03D1au      0.50430 0.50430 0.00000 42.30459 0.14178 0.0  0.0  0.0  0.0  0.0  0.0  0.0  0.0
b010        0.59100 0.59100 0.00000 43.31387 0.26738 0.0  0.0  0.0  0.0  0.0  0.0  0.0  0.0
b013        0.42600 0.42600 0.00000 41.80667 0.20445 0.0  0.0  0.0  0.0  0.0  0.0  0.0  0.0
b016        0.32900 0.32900 0.00000 41.37577 0.25327 0.0  0.0  0.0  0.0  0.0  0.0  0.0  0.0
d033        0.53100 0.53100 0.00000 43.06296 0.30107 0.0  0.0  0.0  0.0  0.0  0.0  0.0  0.0
d058        0.58300 0.58300 0.00000 42.59934 0.46125 0.0  0.0  0.0  0.0  0.0  0.0  0.0  0.0
d084        0.51900 0.51900 0.00000 43.08986 0.38524 0.0  0.0  0.0  0.0  0.0  0.0  0.0  0.0
d085        0.40100 0.40100 0.00000 41.62141 0.25972 0.0  0.0  0.0  0.0  0.0  0.0  0.0  0.0
d087        0.34000 0.34000 0.00000 41.10030 0.22331 0.0  0.0  0.0  0.0  0.0  0.0  0.0  0.0
d089        0.43600 0.43600 0.00000 41.83555 0.21940 0.0  0.0  0.0  0.0  0.0  0.0  0.0  0.0
d093        0.36300 0.36300 0.00000 41.39918 0.20687 0.0  0.0  0.0  0.0  0.0  0.0  0.0  0.0
d097        0.43600 0.43600 0.00000 41.91861 0.21437 0.0  0.0  0.0  0.0  0.0  0.0  0.0  0.0
d117        0.30900 0.30900 0.00000 41.28546 0.20604 0.0  0.0  0.0  0.0  0.0  0.0  0.0  0.0
d149        0.34200 0.34200 0.00000 41.33356 0.20174 0.0  0.0  0.0  0.0  0.0  0.0  0.0  0.0
e029        0.33200 0.33200 0.00000 41.24286 0.22396 0.0  0.0  0.0  0.0  0.0  0.0  0.0  0.0
e108        0.46900 0.46900 0.00000 42.08694 0.21949 0.0  0.0  0.0  0.0  0.0  0.0  0.0  0.0
e132        0.23900 0.23900 0.00000 40.46636 0.19317 0.0  0.0  0.0  0.0  0.0  0.0  0.0  0.0
e136        0.35200 0.35200 0.00000 41.44020 0.22263 0.0  0.0  0.0  0.0  0.0  0.0  0.0  0.0
e138        0.61200 0.61200 0.00000 42.26014 0.81916 0.0  0.0  0.0  0.0  0.0  0.0  0.0  0.0
e140        0.63100 0.63100 0.00000 42.56652 0.27010 0.0  0.0  0.0  0.0  0.0  0.0  0.0  0.0
e147        0.64500 0.64500 0.00000 42.83153 0.22804 0.0  0.0  0.0  0.0  0.0  0.0  0.0  0.0
e148        0.42900 0.42900 0.00000 41.83216 0.21794 0.0  0.0  0.0  0.0  0.0  0.0  0.0  0.0
e149        0.49700 0.49700 0.00000 42.09008 0.23056 0.0  0.0  0.0  0.0  0.0  0.0  0.0  0.0
f011        0.53900 0.53900 0.00000 42.36214 0.23507 0.0  0.0  0.0  0.0  0.0  0.0  0.0  0.0
f041        0.56100 0.56100 0.00000 42.59881 0.25476 0.0  0.0  0.0  0.0  0.0  0.0  0.0  0.0
f076        0.41000 0.41000 0.00000 41.34809 0.21723 0.0  0.0  0.0  0.0  0.0  0.0  0.0  0.0
f096        0.41200 0.41200 0.00000 41.77580 0.29495 0.0  0.0  0.0  0.0  0.0  0.0  0.0  0.0
f216        0.59900 0.59900 0.00000 42.85448 0.29062 0.0  0.0  0.0  0.0  0.0  0.0  0.0  0.0
f231        0.61900 0.61900 0.00000 42.92470 0.24663 0.0  0.0  0.0  0.0  0.0  0.0  0.0  0.0
f235        0.42200 0.42200 0.00000 41.66786 0.23823 0.0  0.0  0.0  0.0  0.0  0.0  0.0  0.0
f244        0.54000 0.54000 0.00000 42.56563 0.25478 0.0  0.0  0.0  0.0  0.0  0.0  0.0  0.0
f308        0.40100 0.40100 0.00000 42.07281 0.31208 0.0  0.0  0.0  0.0  0.0  0.0  0.0  0.0
g005        0.21800 0.21800 0.00000 40.31794 0.19843 0.0  0.0  0.0  0.0  0.0  0.0  0.0  0.0
g050        0.63300 0.63300 0.00000 42.22565 0.29630 0.0  0.0  0.0  0.0  0.0  0.0  0.0  0.0
g052        0.38300 0.38300 0.00000 41.59256 0.22809 0.0  0.0  0.0  0.0  0.0  0.0  0.0  0.0
g055        0.30200 0.30200 0.00000 41.56602 0.25929 0.0  0.0  0.0  0.0  0.0  0.0  0.0  0.0
g097        0.34000 0.34000 0.00000 41.14388 0.19996 0.0  0.0  0.0  0.0  0.0  0.0  0.0  0.0
g120        0.51000 0.51000 0.00000 41.91882 0.25831 0.0  0.0  0.0  0.0  0.0  0.0  0.0  0.0
g133        0.42100 0.42100 0.00000 41.96576 0.22878 0.0  0.0  0.0  0.0  0.0  0.0  0.0  0.0
g142        0.39900 0.39900 0.00000 41.70875 0.28376 0.0  0.0  0.0  0.0  0.0  0.0  0.0  0.0
g160        0.49300 0.49300 0.00000 42.12292 0.22911 0.0  0.0  0.0  0.0  0.0  0.0  0.0  0.0
g240        0.68700 0.68700 0.00000 42.83222 0.27937 0.0  0.0  0.0  0.0  0.0  0.0  0.0  0.0
h283        0.50200 0.50200 0.00000 41.89925 0.31349 0.0  0.0  0.0  0.0  0.0  0.0  0.0  0.0
h300        0.68700 0.68700 0.00000 42.82168 0.25028 0.0  0.0  0.0  0.0  0.0  0.0  0.0  0.0
h319        0.49500 0.49500 0.00000 42.20216 0.24501 0.0  0.0  0.0  0.0  0.0  0.0  0.0  0.0
h323        0.60300 0.60300 0.00000 42.63542 0.27389 0.0  0.0  0.0  0.0  0.0  0.0  0.0  0.0
h342        0.42100 0.42100 0.00000 42.04438 0.28075 0.0  0.0  0.0  0.0  0.0  0.0  0.0  0.0
h359        0.34800 0.34800 0.00000 41.54947 0.20488 0.0  0.0  0.0  0.0  0.0  0.0  0.0  0.0
h363        0.21300 0.21300 0.00000 40.33999 0.20465 0.0  0.0  0.0  0.0  0.0  0.0  0.0  0.0
h364        0.34400 0.34400 0.00000 41.06797 0.20021 0.0  0.0  0.0  0.0  0.0  0.0  0.0  0.0
k396        0.27100 0.27100 0.00000 40.55364 0.20647 0.0  0.0  0.0  0.0  0.0  0.0  0.0  0.0
k411        0.56400 0.56400 0.00000 42.37598 0.40095 0.0  0.0  0.0  0.0  0.0  0.0  0.0  0.0
k425        0.27400 0.27400 0.00000 40.77405 0.21621 0.0  0.0  0.0  0.0  0.0  0.0  0.0  0.0
k430        0.58200 0.58200 0.00000 43.21372 0.27899 0.0  0.0  0.0  0.0  0.0  0.0  0.0  0.0
k441        0.68000 0.68000 0.00000 42.83190 0.24790 0.0  0.0  0.0  0.0  0.0  0.0  0.0  0.0
k448        0.40100 0.40100 0.00000 41.93013 0.23537 0.0  0.0  0.0  0.0  0.0  0.0  0.0  0.0
k485        0.41600 0.41600 0.00000 41.75219 0.29517 0.0  0.0  0.0  0.0  0.0  0.0  0.0  0.0
m027        0.28600 0.28600 0.00000 41.38743 0.33458 0.0  0.0  0.0  0.0  0.0  0.0  0.0  0.0
m062        0.31400 0.31400 0.00000 41.02090 0.28797 0.0  0.0  0.0  0.0  0.0  0.0  0.0  0.0
m138        0.58100 0.58100 0.00000 43.59947 0.37709 0.0  0.0  0.0  0.0  0.0  0.0  0.0  0.0
m158        0.46300 0.46300 0.00000 41.95460 0.26545 0.0  0.0  0.0  0.0  0.0  0.0  0.0  0.0
m193        0.34100 0.34100 0.00000 41.09205 0.20970 0.0  0.0  0.0  0.0  0.0  0.0  0.0  0.0
m226        0.67100 0.67100 0.00000 42.19360 0.33154 0.0  0.0  0.0  0.0  0.0  0.0  0.0  0.0
n256        0.63100 0.63100 0.00000 42.92611 0.23219 0.0  0.0  0.0  0.0  0.0  0.0  0.0  0.0
n258        0.52200 0.52200 0.00000 42.66903 0.30489 0.0  0.0  0.0  0.0  0.0  0.0  0.0  0.0
n263        0.36800 0.36800 0.00000 41.40666 0.20474 0.0  0.0  0.0  0.0  0.0  0.0  0.0  0.0
n278        0.30900 0.30900 0.00000 40.85073 0.20773 0.0  0.0  0.0  0.0  0.0  0.0  0.0  0.0
n285        0.52800 0.52800 0.00000 42.47874 0.30537 0.0  0.0  0.0  0.0  0.0  0.0  0.0  0.0
n326        0.26800 0.26800 0.00000 40.76955 0.19756 0.0  0.0  0.0  0.0  0.0  0.0  0.0  0.0
p454        0.69500 0.69500 0.00000 42.92074 0.41358 0.0  0.0  0.0  0.0  0.0  0.0  0.0  0.0
p455        0.28400 0.28400 0.00000 40.78498 0.19987 0.0  0.0  0.0  0.0  0.0  0.0  0.0  0.0
p524        0.50800 0.50800 0.00000 42.13755 0.21295 0.0  0.0  0.0  0.0  0.0  0.0  0.0  0.0
p528        0.78100 0.78100 0.00000 43.38255 0.34114 0.0  0.0  0.0  0.0  0.0  0.0  0.0  0.0
p534        0.61300 0.61300 0.00000 42.43029 0.33310 0.0  0.0  0.0  0.0  0.0  0.0  0.0  0.0
