#sn       zcmb     zhel     dz        s        ds     mag     dmag    color   dcolor  cov_m_s cov_m_c cov_s_c
1992al   0.0146   0.0141   0.0000   0.9590   0.0110  14.4780  0.0120  0.0000  0.0000  0.0000  0.0000  0.0000
1994S    0.0152   0.0161   0.0000   1.0330   0.0260  14.7800  0.0180  0.0000  0.0000  0.0000  0.0000  0.0000 
1992bo   0.0189   0.0181   0.0000   0.7560   0.0050  15.7780  0.0130  0.0000  0.0000  0.0000  0.0000  0.0000 
1992bc   0.0202   0.0198   0.0000   1.0530   0.0060  15.1030  0.0080  0.0000  0.0000  0.0000  0.0000  0.0000 
1994M    0.0230   0.0241   0.0000   0.8820   0.0150  16.2420  0.0330  0.0000  0.0000  0.0000  0.0000  0.0000 
1992P    0.0252   0.0263   0.0000   1.0610   0.0270  16.0490  0.0170  0.0000  0.0000  0.0000  0.0000  0.0000 
1996C    0.0296   0.0301   0.0000   1.1200   0.0200  16.5670  0.0390  0.0000  0.0000  0.0000  0.0000  0.0000 
1990O    0.0303   0.0302   0.0000   1.1060   0.0260  16.1760  0.0270  0.0000  0.0000  0.0000  0.0000  0.0000 
1996bl   0.0360   0.0348   0.0000   1.0310   0.0150  16.6640  0.0110  0.0000  0.0000  0.0000  0.0000  0.0000 
1992bg   0.0352   0.0357   0.0000   1.0030   0.0140  16.6550  0.0440  0.0000  0.0000  0.0000  0.0000  0.0000 
1992bl   0.0437   0.0429   0.0000   0.8120   0.0120  17.3110  0.0340  0.0000  0.0000  0.0000  0.0000  0.0000 
1992bh   0.0450   0.0451   0.0000   1.0270   0.0160  17.6010  0.0200  0.0000  0.0000  0.0000  0.0000  0.0000 
1995ac   0.0500   0.0488   0.0000   1.0830   0.0120  17.0490  0.0110  0.0000  0.0000  0.0000  0.0000  0.0000 
1990af   0.0506   0.0502   0.0000   0.7490   0.0100  17.7600  0.0090  0.0000  0.0000  0.0000  0.0000  0.0000 
1993O    0.0510   0.0519   0.0000   0.9260   0.0070  17.6410  0.0120  0.0000  0.0000  0.0000  0.0000  0.0000 
1992bs   0.0637   0.0634   0.0000   1.0380   0.0160  18.2000  0.0390  0.0000  0.0000  0.0000  0.0000  0.0000 
1993B    0.0696   0.0707   0.0000   1.0210   0.0190  18.3700  0.0440  0.0000  0.0000  0.0000  0.0000  0.0000 
1992ae   0.0752   0.0748   0.0000   0.9570   0.0180  18.4160  0.0440  0.0000  0.0000  0.0000  0.0000  0.0000 
1992bp   0.0793   0.0789   0.0000   0.9060   0.0140  18.2940  0.0150  0.0000  0.0000  0.0000  0.0000  0.0000 
1992aq   0.1018   0.1009   0.0000   0.8780   0.0170  19.3040  0.0220  0.0000  0.0000  0.0000  0.0000  0.0000 
1996ab   0.1242   0.1247   0.0000   0.9340   0.0320  19.5650  0.0390  0.0000  0.0000  0.0000  0.0000  0.0000 
1997i    0.1720   0.1720   0.0000   0.9670   0.0090  20.3390  0.0140  0.0000  0.0000  0.0000  0.0000  0.0000 
1997n    0.1800   0.1800   0.0000   1.0670   0.0150  20.3770  0.0190  0.0000  0.0000  0.0000  0.0000  0.0000 
1997ac   0.3200   0.3200   0.0000   1.0610   0.0150  21.8730  0.0220  0.0000  0.0000  0.0000  0.0000  0.0000 
1995ba   0.3880   0.3880   0.0000   0.9710   0.0470  22.6390  0.0560  0.0000  0.0000  0.0000  0.0000  0.0000 
1995aw   0.4000   0.4000   0.0000   1.1940   0.0370  22.2840  0.0280  0.0000  0.0000  0.0000  0.0000  0.0000 
1997am   0.4160   0.4160   0.0000   1.0320   0.0600  22.5820  0.0760  0.0000  0.0000  0.0000  0.0000  0.0000 
1997q    0.4300   0.4300   0.0000   0.9350   0.0240  22.6140  0.0240  0.0000  0.0000  0.0000  0.0000  0.0000 
1998ba   0.4300   0.4300   0.0000   0.9540   0.0200  22.9710  0.0470  0.0000  0.0000  0.0000  0.0000  0.0000 
1995az   0.4500   0.4500   0.0000   0.9730   0.0640  22.6990  0.0690  0.0000  0.0000  0.0000  0.0000  0.0000 
1996cm   0.4500   0.4500   0.0000   0.8990   0.0610  23.2630  0.0690  0.0000  0.0000  0.0000  0.0000  0.0000 
1997ai   0.4500   0.4500   0.0000   0.7880   0.0840  22.9370  0.0470  0.0000  0.0000  0.0000  0.0000  0.0000 
1995ar   0.4650   0.4650   0.0000   0.9090   0.1040  23.4850  0.0820  0.0000  0.0000  0.0000  0.0000  0.0000 
1997p    0.4720   0.4720   0.0000   0.8880   0.0390  23.1580  0.0410  0.0000  0.0000  0.0000  0.0000  0.0000 
1995ay   0.4800   0.4800   0.0000   0.8800   0.0640  23.0730  0.0420  0.0000  0.0000  0.0000  0.0000  0.0000 
1996cg   0.4900   0.4900   0.0000   1.0110   0.0400  23.0890  0.0280  0.0000  0.0000  0.0000  0.0000  0.0000 
1996ci   0.4950   0.4950   0.0000   0.9640   0.0400  22.8290  0.0240  0.0000  0.0000  0.0000  0.0000  0.0000 
1995as   0.4980   0.4980   0.0000   1.0350   0.0900  23.6860  0.0660  0.0000  0.0000  0.0000  0.0000  0.0000 
1997h    0.5260   0.5260   0.0000   0.8820   0.0430  23.2620  0.0350  0.0000  0.0000  0.0000  0.0000  0.0000 
1997eq   0.5380   0.5380   0.0000   0.9600   0.0270  23.2080  0.0230  0.0000  0.0000  0.0000  0.0000  0.0000 
2000fr   0.5430   0.5430   0.0000   1.0640   0.0110  23.0650  0.0200  0.0000  0.0000  0.0000  0.0000  0.0000 
1996cf   0.5700   0.5700   0.0000   0.9960   0.0450  23.3100  0.0310  0.0000  0.0000  0.0000  0.0000  0.0000 
1997af   0.5790   0.5790   0.0000   0.8500   0.0450  23.5990  0.0720  0.0000  0.0000  0.0000  0.0000  0.0000 
1997f    0.5800   0.5800   0.0000   1.0410   0.0660  23.5120  0.0610  0.0000  0.0000  0.0000  0.0000  0.0000 
1997aj   0.5810   0.5810   0.0000   0.9470   0.0450  23.2360  0.0650  0.0000  0.0000  0.0000  0.0000  0.0000 
1995ax   0.6150   0.6150   0.0000   1.1120   0.0730  23.2140  0.0620  0.0000  0.0000  0.0000  0.0000  0.0000 
1998ay   0.6380   0.6380   0.0000   1.0400   0.0410  23.8600  0.0780  0.0000  0.0000  0.0000  0.0000  0.0000 
1998be   0.6440   0.6440   0.0000   0.8160   0.0280  23.9060  0.0410  0.0000  0.0000  0.0000  0.0000  0.0000 
1997r    0.6570   0.6570   0.0000   0.9400   0.0590  23.8850  0.0520  0.0000  0.0000  0.0000  0.0000  0.0000 
1998bi   0.7400   0.7400   0.0000   0.9500   0.0270  23.9220  0.0240  0.0000  0.0000  0.0000  0.0000  0.0000 
1997ez   0.7780   0.7780   0.0000   1.0780   0.0300  24.2940  0.0330  0.0000  0.0000  0.0000  0.0000  0.0000 
1996cl   0.8280   0.8280   0.0000   0.9740   0.2390  24.5300  0.1710  0.0000  0.0000  0.0000  0.0000  0.0000 
1997ap   0.8300   0.8300   0.0000   1.0230   0.0450  24.3460  0.0740  0.0000  0.0000  0.0000  0.0000  0.0000 
1997ek   0.8630   0.8630   0.0000   1.0560   0.0580  24.5090  0.0330  0.0000  0.0000  0.0000  0.0000  0.0000
