54
      1.00000     0.100000     0.100000     0.100000     0.100000     0.100000
     0.100000     0.100000     0.100000     0.100000     0.100000     0.100000
     0.100000     0.100000     0.100000     0.100000     0.100000     0.100000
     0.100000     0.100000     0.100000     0.100000     0.100000     0.100000
     0.100000     0.100000     0.100000     0.100000     0.100000     0.100000
     0.100000     0.100000     0.100000     0.100000     0.100000     0.100000
     0.100000     0.100000     0.100000     0.100000     0.100000     0.100000
     0.100000     0.100000     0.100000     0.100000     0.100000     0.100000
     0.100000     0.100000     0.100000     0.100000     0.100000     0.100000
     0.100000      2.00000     0.100000     0.100000     0.100000     0.100000
     0.100000     0.100000     0.100000     0.100000     0.100000     0.100000
     0.100000     0.100000     0.100000     0.100000     0.100000     0.100000
     0.100000     0.100000     0.100000     0.100000     0.100000     0.100000
     0.100000     0.100000     0.100000     0.100000     0.100000     0.100000
     0.100000     0.100000     0.100000     0.100000     0.100000     0.100000
     0.100000     0.100000     0.100000     0.100000     0.100000     0.100000
     0.100000     0.100000     0.100000     0.100000     0.100000     0.100000
     0.100000     0.100000     0.100000     0.100000     0.100000     0.100000
     0.100000     0.100000      3.00000     0.100000     0.100000     0.100000
     0.100000     0.100000     0.100000     0.100000     0.100000     0.100000
     0.100000     0.100000     0.100000     0.100000     0.100000     0.100000
     0.100000     0.100000     0.100000     0.100000     0.100000     0.100000
     0.100000     0.100000     0.100000     0.100000     0.100000     0.100000
     0.100000     0.100000     0.100000     0.100000     0.100000     0.100000
     0.100000     0.100000     0.100000     0.100000     0.100000     0.100000
     0.100000     0.100000     0.100000     0.100000     0.100000     0.100000
     0.100000     0.100000     0.100000     0.100000     0.100000     0.100000
     0.100000     0.100000     0.100000      4.00000     0.100000     0.100000
     0.100000     0.100000     0.100000     0.100000     0.100000     0.100000
     0.100000     0.100000     0.100000     0.100000     0.100000     0.100000
     0.100000     0.100000     0.100000     0.100000     0.100000     0.100000
     0.100000     0.100000     0.100000     0.100000     0.100000     0.100000
     0.100000     0.100000     0.100000     0.100000     0.100000     0.100000
     0.100000     0.100000     0.100000     0.100000     0.100000     0.100000
     0.100000     0.100000     0.100000     0.100000     0.100000     0.100000
     0.100000     0.100000     0.100000     0.100000     0.100000     0.100000
     0.100000     0.100000     0.100000     0.100000      5.00000     0.100000
     0.100000     0.100000     0.100000     0.100000     0.100000     0.100000
     0.100000     0.100000     0.100000     0.100000     0.100000     0.100000
     0.100000     0.100000     0.100000     0.100000     0.100000     0.100000
     0.100000     0.100000     0.100000     0.100000     0.100000     0.100000
     0.100000     0.100000     0.100000     0.100000     0.100000     0.100000
     0.100000     0.100000     0.100000     0.100000     0.100000     0.100000
     0.100000     0.100000     0.100000     0.100000     0.100000     0.100000
     0.100000     0.100000     0.100000     0.100000     0.100000     0.100000
     0.100000     0.100000     0.100000     0.100000     0.100000      6.00000
     0.100000     0.100000     0.100000     0.100000     0.100000     0.100000
     0.100000     0.100000     0.100000     0.100000     0.100000     0.100000
     0.100000     0.100000     0.100000     0.100000     0.100000     0.100000
     0.100000     0.100000     0.100000     0.100000     0.100000     0.100000
     0.100000     0.100000     0.100000     0.100000     0.100000     0.100000
     0.100000     0.100000     0.100000     0.100000     0.100000     0.100000
     0.100000     0.100000     0.100000     0.100000     0.100000     0.100000
     0.100000     0.100000     0.100000     0.100000     0.100000     0.100000
     0.100000     0.100000     0.100000     0.100000     0.100000     0.100000
      7.00000     0.100000     0.100000     0.100000     0.100000     0.100000
     0.100000     0.100000     0.100000     0.100000     0.100000     0.100000
     0.100000     0.100000     0.100000     0.100000     0.100000     0.100000
     0.100000     0.100000     0.100000     0.100000     0.100000     0.100000
     0.100000     0.100000     0.100000     0.100000     0.100000     0.100000
     0.100000     0.100000     0.100000     0.100000     0.100000     0.100000
     0.100000     0.100000     0.100000     0.100000     0.100000     0.100000
     0.100000     0.100000     0.100000     0.100000     0.100000     0.100000
     0.100000     0.100000     0.100000     0.100000     0.100000     0.100000
     0.100000      8.00000     0.100000     0.100000     0.100000     0.100000
     0.100000     0.100000     0.100000     0.100000     0.100000     0.100000
     0.100000     0.100000     0.100000     0.100000     0.100000     0.100000
     0.100000     0.100000     0.100000     0.100000     0.100000     0.100000
     0.100000     0.100000     0.100000     0.100000     0.100000     0.100000
     0.100000     0.100000     0.100000     0.100000     0.100000     0.100000
     0.100000     0.100000     0.100000     0.100000     0.100000     0.100000
     0.100000     0.100000     0.100000     0.100000     0.100000     0.100000
     0.100000     0.100000     0.100000     0.100000     0.100000     0.100000
     0.100000     0.100000      9.00000     0.100000     0.100000     0.100000
     0.100000     0.100000     0.100000     0.100000     0.100000     0.100000
     0.100000     0.100000     0.100000     0.100000     0.100000     0.100000
     0.100000     0.100000     0.100000     0.100000     0.100000     0.100000
     0.100000     0.100000     0.100000     0.100000     0.100000     0.100000
     0.100000     0.100000     0.100000     0.100000     0.100000     0.100000
     0.100000     0.100000     0.100000     0.100000     0.100000     0.100000
     0.100000     0.100000     0.100000     0.100000     0.100000     0.100000
     0.100000     0.100000     0.100000     0.100000     0.100000     0.100000
     0.100000     0.100000     0.100000      10.0000     0.100000     0.100000
     0.100000     0.100000     0.100000     0.100000     0.100000     0.100000
     0.100000     0.100000     0.100000     0.100000     0.100000     0.100000
     0.100000     0.100000     0.100000     0.100000     0.100000     0.100000
     0.100000     0.100000     0.100000     0.100000     0.100000     0.100000
     0.100000     0.100000     0.100000     0.100000     0.100000     0.100000
     0.100000     0.100000     0.100000     0.100000     0.100000     0.100000
     0.100000     0.100000     0.100000     0.100000     0.100000     0.100000
     0.100000     0.100000     0.100000     0.100000     0.100000     0.100000
     0.100000     0.100000     0.100000     0.100000      11.0000     0.100000
     0.100000     0.100000     0.100000     0.100000     0.100000     0.100000
     0.100000     0.100000     0.100000     0.100000     0.100000     0.100000
     0.100000     0.100000     0.100000     0.100000     0.100000     0.100000
     0.100000     0.100000     0.100000     0.100000     0.100000     0.100000
     0.100000     0.100000     0.100000     0.100000     0.100000     0.100000
     0.100000     0.100000     0.100000     0.100000     0.100000     0.100000
     0.100000     0.100000     0.100000     0.100000     0.100000     0.100000
     0.100000     0.100000     0.100000     0.100000     0.100000     0.100000
     0.100000     0.100000     0.100000     0.100000     0.100000      12.0000
     0.100000     0.100000     0.100000     0.100000     0.100000     0.100000
     0.100000     0.100000     0.100000     0.100000     0.100000     0.100000
     0.100000     0.100000     0.100000     0.100000     0.100000     0.100000
     0.100000     0.100000     0.100000     0.100000     0.100000     0.100000
     0.100000     0.100000     0.100000     0.100000     0.100000     0.100000
     0.100000     0.100000     0.100000     0.100000     0.100000     0.100000
     0.100000     0.100000     0.100000     0.100000     0.100000     0.100000
     0.100000     0.100000     0.100000     0.100000     0.100000     0.100000
     0.100000     0.100000     0.100000     0.100000     0.100000     0.100000
      13.0000     0.100000     0.100000     0.100000     0.100000     0.100000
     0.100000     0.100000     0.100000     0.100000     0.100000     0.100000
     0.100000     0.100000     0.100000     0.100000     0.100000     0.100000
     0.100000     0.100000     0.100000     0.100000     0.100000     0.100000
     0.100000     0.100000     0.100000     0.100000     0.100000     0.100000
     0.100000     0.100000     0.100000     0.100000     0.100000     0.100000
     0.100000     0.100000     0.100000     0.100000     0.100000     0.100000
     0.100000     0.100000     0.100000     0.100000     0.100000     0.100000
     0.100000     0.100000     0.100000     0.100000     0.100000     0.100000
     0.100000      14.0000     0.100000     0.100000     0.100000     0.100000
     0.100000     0.100000     0.100000     0.100000     0.100000     0.100000
     0.100000     0.100000     0.100000     0.100000     0.100000     0.100000
     0.100000     0.100000     0.100000     0.100000     0.100000     0.100000
     0.100000     0.100000     0.100000     0.100000     0.100000     0.100000
     0.100000     0.100000     0.100000     0.100000     0.100000     0.100000
     0.100000     0.100000     0.100000     0.100000     0.100000     0.100000
     0.100000     0.100000     0.100000     0.100000     0.100000     0.100000
     0.100000     0.100000     0.100000     0.100000     0.100000     0.100000
     0.100000     0.100000      15.0000     0.100000     0.100000     0.100000
     0.100000     0.100000     0.100000     0.100000     0.100000     0.100000
     0.100000     0.100000     0.100000     0.100000     0.100000     0.100000
     0.100000     0.100000     0.100000     0.100000     0.100000     0.100000
     0.100000     0.100000     0.100000     0.100000     0.100000     0.100000
     0.100000     0.100000     0.100000     0.100000     0.100000     0.100000
     0.100000     0.100000     0.100000     0.100000     0.100000     0.100000
     0.100000     0.100000     0.100000     0.100000     0.100000     0.100000
     0.100000     0.100000     0.100000     0.100000     0.100000     0.100000
     0.100000     0.100000     0.100000      16.0000     0.100000     0.100000
     0.100000     0.100000     0.100000     0.100000     0.100000     0.100000
     0.100000     0.100000     0.100000     0.100000     0.100000     0.100000
     0.100000     0.100000     0.100000     0.100000     0.100000     0.100000
     0.100000     0.100000     0.100000     0.100000     0.100000     0.100000
     0.100000     0.100000     0.100000     0.100000     0.100000     0.100000
     0.100000     0.100000     0.100000     0.100000     0.100000     0.100000
     0.100000     0.100000     0.100000     0.100000     0.100000     0.100000
     0.100000     0.100000     0.100000     0.100000     0.100000     0.100000
     0.100000     0.100000     0.100000     0.100000      17.0000     0.100000
     0.100000     0.100000     0.100000     0.100000     0.100000     0.100000
     0.100000     0.100000     0.100000     0.100000     0.100000     0.100000
     0.100000     0.100000     0.100000     0.100000     0.100000     0.100000
     0.100000     0.100000     0.100000     0.100000     0.100000     0.100000
     0.100000     0.100000     0.100000     0.100000     0.100000     0.100000
     0.100000     0.100000     0.100000     0.100000     0.100000     0.100000
     0.100000     0.100000     0.100000     0.100000     0.100000     0.100000
     0.100000     0.100000     0.100000     0.100000     0.100000     0.100000
     0.100000     0.100000     0.100000     0.100000     0.100000      18.0000
     0.100000     0.100000     0.100000     0.100000     0.100000     0.100000
     0.100000     0.100000     0.100000     0.100000     0.100000     0.100000
     0.100000     0.100000     0.100000     0.100000     0.100000     0.100000
     0.100000     0.100000     0.100000     0.100000     0.100000     0.100000
     0.100000     0.100000     0.100000     0.100000     0.100000     0.100000
     0.100000     0.100000     0.100000     0.100000     0.100000     0.100000
     0.100000     0.100000     0.100000     0.100000     0.100000     0.100000
     0.100000     0.100000     0.100000     0.100000     0.100000     0.100000
     0.100000     0.100000     0.100000     0.100000     0.100000     0.100000
      19.0000     0.100000     0.100000     0.100000     0.100000     0.100000
     0.100000     0.100000     0.100000     0.100000     0.100000     0.100000
     0.100000     0.100000     0.100000     0.100000     0.100000     0.100000
     0.100000     0.100000     0.100000     0.100000     0.100000     0.100000
     0.100000     0.100000     0.100000     0.100000     0.100000     0.100000
     0.100000     0.100000     0.100000     0.100000     0.100000     0.100000
     0.100000     0.100000     0.100000     0.100000     0.100000     0.100000
     0.100000     0.100000     0.100000     0.100000     0.100000     0.100000
     0.100000     0.100000     0.100000     0.100000     0.100000     0.100000
     0.100000      20.0000     0.100000     0.100000     0.100000     0.100000
     0.100000     0.100000     0.100000     0.100000     0.100000     0.100000
     0.100000     0.100000     0.100000     0.100000     0.100000     0.100000
     0.100000     0.100000     0.100000     0.100000     0.100000     0.100000
     0.100000     0.100000     0.100000     0.100000     0.100000     0.100000
     0.100000     0.100000     0.100000     0.100000     0.100000     0.100000
     0.100000     0.100000     0.100000     0.100000     0.100000     0.100000
     0.100000     0.100000     0.100000     0.100000     0.100000     0.100000
     0.100000     0.100000     0.100000     0.100000     0.100000     0.100000
     0.100000     0.100000      21.0000     0.100000     0.100000     0.100000
     0.100000     0.100000     0.100000     0.100000     0.100000     0.100000
     0.100000     0.100000     0.100000     0.100000     0.100000     0.100000
     0.100000     0.100000     0.100000     0.100000     0.100000     0.100000
     0.100000     0.100000     0.100000     0.100000     0.100000     0.100000
     0.100000     0.100000     0.100000     0.100000     0.100000     0.100000
     0.100000     0.100000     0.100000     0.100000     0.100000     0.100000
     0.100000     0.100000     0.100000     0.100000     0.100000     0.100000
     0.100000     0.100000     0.100000     0.100000     0.100000     0.100000
     0.100000     0.100000     0.100000      22.0000     0.100000     0.100000
     0.100000     0.100000     0.100000     0.100000     0.100000     0.100000
     0.100000     0.100000     0.100000     0.100000     0.100000     0.100000
     0.100000     0.100000     0.100000     0.100000     0.100000     0.100000
     0.100000     0.100000     0.100000     0.100000     0.100000     0.100000
     0.100000     0.100000     0.100000     0.100000     0.100000     0.100000
     0.100000     0.100000     0.100000     0.100000     0.100000     0.100000
     0.100000     0.100000     0.100000     0.100000     0.100000     0.100000
     0.100000     0.100000     0.100000     0.100000     0.100000     0.100000
     0.100000     0.100000     0.100000     0.100000      23.0000     0.100000
     0.100000     0.100000     0.100000     0.100000     0.100000     0.100000
     0.100000     0.100000     0.100000     0.100000     0.100000     0.100000
     0.100000     0.100000     0.100000     0.100000     0.100000     0.100000
     0.100000     0.100000     0.100000     0.100000     0.100000     0.100000
     0.100000     0.100000     0.100000     0.100000     0.100000     0.100000
     0.100000     0.100000     0.100000     0.100000     0.100000     0.100000
     0.100000     0.100000     0.100000     0.100000     0.100000     0.100000
     0.100000     0.100000     0.100000     0.100000     0.100000     0.100000
     0.100000     0.100000     0.100000     0.100000     0.100000      24.0000
     0.100000     0.100000     0.100000     0.100000     0.100000     0.100000
     0.100000     0.100000     0.100000     0.100000     0.100000     0.100000
     0.100000     0.100000     0.100000     0.100000     0.100000     0.100000
     0.100000     0.100000     0.100000     0.100000     0.100000     0.100000
     0.100000     0.100000     0.100000     0.100000     0.100000     0.100000
     0.100000     0.100000     0.100000     0.100000     0.100000     0.100000
     0.100000     0.100000     0.100000     0.100000     0.100000     0.100000
     0.100000     0.100000     0.100000     0.100000     0.100000     0.100000
     0.100000     0.100000     0.100000     0.100000     0.100000     0.100000
      25.0000     0.100000     0.100000     0.100000     0.100000     0.100000
     0.100000     0.100000     0.100000     0.100000     0.100000     0.100000
     0.100000     0.100000     0.100000     0.100000     0.100000     0.100000
     0.100000     0.100000     0.100000     0.100000     0.100000     0.100000
     0.100000     0.100000     0.100000     0.100000     0.100000     0.100000
     0.100000     0.100000     0.100000     0.100000     0.100000     0.100000
     0.100000     0.100000     0.100000     0.100000     0.100000     0.100000
     0.100000     0.100000     0.100000     0.100000     0.100000     0.100000
     0.100000     0.100000     0.100000     0.100000     0.100000     0.100000
     0.100000      26.0000     0.100000     0.100000     0.100000     0.100000
     0.100000     0.100000     0.100000     0.100000     0.100000     0.100000
     0.100000     0.100000     0.100000     0.100000     0.100000     0.100000
     0.100000     0.100000     0.100000     0.100000     0.100000     0.100000
     0.100000     0.100000     0.100000     0.100000     0.100000     0.100000
     0.100000     0.100000     0.100000     0.100000     0.100000     0.100000
     0.100000     0.100000     0.100000     0.100000     0.100000     0.100000
     0.100000     0.100000     0.100000     0.100000     0.100000     0.100000
     0.100000     0.100000     0.100000     0.100000     0.100000     0.100000
     0.100000     0.100000      27.0000     0.100000     0.100000     0.100000
     0.100000     0.100000     0.100000     0.100000     0.100000     0.100000
     0.100000     0.100000     0.100000     0.100000     0.100000     0.100000
     0.100000     0.100000     0.100000     0.100000     0.100000     0.100000
     0.100000     0.100000     0.100000     0.100000     0.100000     0.100000
     0.100000     0.100000     0.100000     0.100000     0.100000     0.100000
     0.100000     0.100000     0.100000     0.100000     0.100000     0.100000
     0.100000     0.100000     0.100000     0.100000     0.100000     0.100000
     0.100000     0.100000     0.100000     0.100000     0.100000     0.100000
     0.100000     0.100000     0.100000      28.0000     0.100000     0.100000
     0.100000     0.100000     0.100000     0.100000     0.100000     0.100000
     0.100000     0.100000     0.100000     0.100000     0.100000     0.100000
     0.100000     0.100000     0.100000     0.100000     0.100000     0.100000
     0.100000     0.100000     0.100000     0.100000     0.100000     0.100000
     0.100000     0.100000     0.100000     0.100000     0.100000     0.100000
     0.100000     0.100000     0.100000     0.100000     0.100000     0.100000
     0.100000     0.100000     0.100000     0.100000     0.100000     0.100000
     0.100000     0.100000     0.100000     0.100000     0.100000     0.100000
     0.100000     0.100000     0.100000     0.100000      29.0000     0.100000
     0.100000     0.100000     0.100000     0.100000     0.100000     0.100000
     0.100000     0.100000     0.100000     0.100000     0.100000     0.100000
     0.100000     0.100000     0.100000     0.100000     0.100000     0.100000
     0.100000     0.100000     0.100000     0.100000     0.100000     0.100000
     0.100000     0.100000     0.100000     0.100000     0.100000     0.100000
     0.100000     0.100000     0.100000     0.100000     0.100000     0.100000
     0.100000     0.100000     0.100000     0.100000     0.100000     0.100000
     0.100000     0.100000     0.100000     0.100000     0.100000     0.100000
     0.100000     0.100000     0.100000     0.100000     0.100000      30.0000
     0.100000     0.100000     0.100000     0.100000     0.100000     0.100000
     0.100000     0.100000     0.100000     0.100000     0.100000     0.100000
     0.100000     0.100000     0.100000     0.100000     0.100000     0.100000
     0.100000     0.100000     0.100000     0.100000     0.100000     0.100000
     0.100000     0.100000     0.100000     0.100000     0.100000     0.100000
     0.100000     0.100000     0.100000     0.100000     0.100000     0.100000
     0.100000     0.100000     0.100000     0.100000     0.100000     0.100000
     0.100000     0.100000     0.100000     0.100000     0.100000     0.100000
     0.100000     0.100000     0.100000     0.100000     0.100000     0.100000
      31.0000     0.100000     0.100000     0.100000     0.100000     0.100000
     0.100000     0.100000     0.100000     0.100000     0.100000     0.100000
     0.100000     0.100000     0.100000     0.100000     0.100000     0.100000
     0.100000     0.100000     0.100000     0.100000     0.100000     0.100000
     0.100000     0.100000     0.100000     0.100000     0.100000     0.100000
     0.100000     0.100000     0.100000     0.100000     0.100000     0.100000
     0.100000     0.100000     0.100000     0.100000     0.100000     0.100000
     0.100000     0.100000     0.100000     0.100000     0.100000     0.100000
     0.100000     0.100000     0.100000     0.100000     0.100000     0.100000
     0.100000      32.0000     0.100000     0.100000     0.100000     0.100000
     0.100000     0.100000     0.100000     0.100000     0.100000     0.100000
     0.100000     0.100000     0.100000     0.100000     0.100000     0.100000
     0.100000     0.100000     0.100000     0.100000     0.100000     0.100000
     0.100000     0.100000     0.100000     0.100000     0.100000     0.100000
     0.100000     0.100000     0.100000     0.100000     0.100000     0.100000
     0.100000     0.100000     0.100000     0.100000     0.100000     0.100000
     0.100000     0.100000     0.100000     0.100000     0.100000     0.100000
     0.100000     0.100000     0.100000     0.100000     0.100000     0.100000
     0.100000     0.100000      33.0000     0.100000     0.100000     0.100000
     0.100000     0.100000     0.100000     0.100000     0.100000     0.100000
     0.100000     0.100000     0.100000     0.100000     0.100000     0.100000
     0.100000     0.100000     0.100000     0.100000     0.100000     0.100000
     0.100000     0.100000     0.100000     0.100000     0.100000     0.100000
     0.100000     0.100000     0.100000     0.100000     0.100000     0.100000
     0.100000     0.100000     0.100000     0.100000     0.100000     0.100000
     0.100000     0.100000     0.100000     0.100000     0.100000     0.100000
     0.100000     0.100000     0.100000     0.100000     0.100000     0.100000
     0.100000     0.100000     0.100000      34.0000     0.100000     0.100000
     0.100000     0.100000     0.100000     0.100000     0.100000     0.100000
     0.100000     0.100000     0.100000     0.100000     0.100000     0.100000
     0.100000     0.100000     0.100000     0.100000     0.100000     0.100000
     0.100000     0.100000     0.100000     0.100000     0.100000     0.100000
     0.100000     0.100000     0.100000     0.100000     0.100000     0.100000
     0.100000     0.100000     0.100000     0.100000     0.100000     0.100000
     0.100000     0.100000     0.100000     0.100000     0.100000     0.100000
     0.100000     0.100000     0.100000     0.100000     0.100000     0.100000
     0.100000     0.100000     0.100000     0.100000      35.0000     0.100000
     0.100000     0.100000     0.100000     0.100000     0.100000     0.100000
     0.100000     0.100000     0.100000     0.100000     0.100000     0.100000
     0.100000     0.100000     0.100000     0.100000     0.100000     0.100000
     0.100000     0.100000     0.100000     0.100000     0.100000     0.100000
     0.100000     0.100000     0.100000     0.100000     0.100000     0.100000
     0.100000     0.100000     0.100000     0.100000     0.100000     0.100000
     0.100000     0.100000     0.100000     0.100000     0.100000     0.100000
     0.100000     0.100000     0.100000     0.100000     0.100000     0.100000
     0.100000     0.100000     0.100000     0.100000     0.100000      36.0000
     0.100000     0.100000     0.100000     0.100000     0.100000     0.100000
     0.100000     0.100000     0.100000     0.100000     0.100000     0.100000
     0.100000     0.100000     0.100000     0.100000     0.100000     0.100000
     0.100000     0.100000     0.100000     0.100000     0.100000     0.100000
     0.100000     0.100000     0.100000     0.100000     0.100000     0.100000
     0.100000     0.100000     0.100000     0.100000     0.100000     0.100000
     0.100000     0.100000     0.100000     0.100000     0.100000     0.100000
     0.100000     0.100000     0.100000     0.100000     0.100000     0.100000
     0.100000     0.100000     0.100000     0.100000     0.100000     0.100000
      37.0000     0.100000     0.100000     0.100000     0.100000     0.100000
     0.100000     0.100000     0.100000     0.100000     0.100000     0.100000
     0.100000     0.100000     0.100000     0.100000     0.100000     0.100000
     0.100000     0.100000     0.100000     0.100000     0.100000     0.100000
     0.100000     0.100000     0.100000     0.100000     0.100000     0.100000
     0.100000     0.100000     0.100000     0.100000     0.100000     0.100000
     0.100000     0.100000     0.100000     0.100000     0.100000     0.100000
     0.100000     0.100000     0.100000     0.100000     0.100000     0.100000
     0.100000     0.100000     0.100000     0.100000     0.100000     0.100000
     0.100000      38.0000     0.100000     0.100000     0.100000     0.100000
     0.100000     0.100000     0.100000     0.100000     0.100000     0.100000
     0.100000     0.100000     0.100000     0.100000     0.100000     0.100000
     0.100000     0.100000     0.100000     0.100000     0.100000     0.100000
     0.100000     0.100000     0.100000     0.100000     0.100000     0.100000
     0.100000     0.100000     0.100000     0.100000     0.100000     0.100000
     0.100000     0.100000     0.100000     0.100000     0.100000     0.100000
     0.100000     0.100000     0.100000     0.100000     0.100000     0.100000
     0.100000     0.100000     0.100000     0.100000     0.100000     0.100000
     0.100000     0.100000      39.0000     0.100000     0.100000     0.100000
     0.100000     0.100000     0.100000     0.100000     0.100000     0.100000
     0.100000     0.100000     0.100000     0.100000     0.100000     0.100000
     0.100000     0.100000     0.100000     0.100000     0.100000     0.100000
     0.100000     0.100000     0.100000     0.100000     0.100000     0.100000
     0.100000     0.100000     0.100000     0.100000     0.100000     0.100000
     0.100000     0.100000     0.100000     0.100000     0.100000     0.100000
     0.100000     0.100000     0.100000     0.100000     0.100000     0.100000
     0.100000     0.100000     0.100000     0.100000     0.100000     0.100000
     0.100000     0.100000     0.100000      40.0000     0.100000     0.100000
     0.100000     0.100000     0.100000     0.100000     0.100000     0.100000
     0.100000     0.100000     0.100000     0.100000     0.100000     0.100000
     0.100000     0.100000     0.100000     0.100000     0.100000     0.100000
     0.100000     0.100000     0.100000     0.100000     0.100000     0.100000
     0.100000     0.100000     0.100000     0.100000     0.100000     0.100000
     0.100000     0.100000     0.100000     0.100000     0.100000     0.100000
     0.100000     0.100000     0.100000     0.100000     0.100000     0.100000
     0.100000     0.100000     0.100000     0.100000     0.100000     0.100000
     0.100000     0.100000     0.100000     0.100000      41.0000     0.100000
     0.100000     0.100000     0.100000     0.100000     0.100000     0.100000
     0.100000     0.100000     0.100000     0.100000     0.100000     0.100000
     0.100000     0.100000     0.100000     0.100000     0.100000     0.100000
     0.100000     0.100000     0.100000     0.100000     0.100000     0.100000
     0.100000     0.100000     0.100000     0.100000     0.100000     0.100000
     0.100000     0.100000     0.100000     0.100000     0.100000     0.100000
     0.100000     0.100000     0.100000     0.100000     0.100000     0.100000
     0.100000     0.100000     0.100000     0.100000     0.100000     0.100000
     0.100000     0.100000     0.100000     0.100000     0.100000      42.0000
     0.100000     0.100000     0.100000     0.100000     0.100000     0.100000
     0.100000     0.100000     0.100000     0.100000     0.100000     0.100000
     0.100000     0.100000     0.100000     0.100000     0.100000     0.100000
     0.100000     0.100000     0.100000     0.100000     0.100000     0.100000
     0.100000     0.100000     0.100000     0.100000     0.100000     0.100000
     0.100000     0.100000     0.100000     0.100000     0.100000     0.100000
     0.100000     0.100000     0.100000     0.100000     0.100000     0.100000
     0.100000     0.100000     0.100000     0.100000     0.100000     0.100000
     0.100000     0.100000     0.100000     0.100000     0.100000     0.100000
      43.0000     0.100000     0.100000     0.100000     0.100000     0.100000
     0.100000     0.100000     0.100000     0.100000     0.100000     0.100000
     0.100000     0.100000     0.100000     0.100000     0.100000     0.100000
     0.100000     0.100000     0.100000     0.100000     0.100000     0.100000
     0.100000     0.100000     0.100000     0.100000     0.100000     0.100000
     0.100000     0.100000     0.100000     0.100000     0.100000     0.100000
     0.100000     0.100000     0.100000     0.100000     0.100000     0.100000
     0.100000     0.100000     0.100000     0.100000     0.100000     0.100000
     0.100000     0.100000     0.100000     0.100000     0.100000     0.100000
     0.100000      44.0000     0.100000     0.100000     0.100000     0.100000
     0.100000     0.100000     0.100000     0.100000     0.100000     0.100000
     0.100000     0.100000     0.100000     0.100000     0.100000     0.100000
     0.100000     0.100000     0.100000     0.100000     0.100000     0.100000
     0.100000     0.100000     0.100000     0.100000     0.100000     0.100000
     0.100000     0.100000     0.100000     0.100000     0.100000     0.100000
     0.100000     0.100000     0.100000     0.100000     0.100000     0.100000
     0.100000     0.100000     0.100000     0.100000     0.100000     0.100000
     0.100000     0.100000     0.100000     0.100000     0.100000     0.100000
     0.100000     0.100000      45.0000     0.100000     0.100000     0.100000
     0.100000     0.100000     0.100000     0.100000     0.100000     0.100000
     0.100000     0.100000     0.100000     0.100000     0.100000     0.100000
     0.100000     0.100000     0.100000     0.100000     0.100000     0.100000
     0.100000     0.100000     0.100000     0.100000     0.100000     0.100000
     0.100000     0.100000     0.100000     0.100000     0.100000     0.100000
     0.100000     0.100000     0.100000     0.100000     0.100000     0.100000
     0.100000     0.100000     0.100000     0.100000     0.100000     0.100000
     0.100000     0.100000     0.100000     0.100000     0.100000     0.100000
     0.100000     0.100000     0.100000      46.0000     0.100000     0.100000
     0.100000     0.100000     0.100000     0.100000     0.100000     0.100000
     0.100000     0.100000     0.100000     0.100000     0.100000     0.100000
     0.100000     0.100000     0.100000     0.100000     0.100000     0.100000
     0.100000     0.100000     0.100000     0.100000     0.100000     0.100000
     0.100000     0.100000     0.100000     0.100000     0.100000     0.100000
     0.100000     0.100000     0.100000     0.100000     0.100000     0.100000
     0.100000     0.100000     0.100000     0.100000     0.100000     0.100000
     0.100000     0.100000     0.100000     0.100000     0.100000     0.100000
     0.100000     0.100000     0.100000     0.100000      47.0000     0.100000
     0.100000     0.100000     0.100000     0.100000     0.100000     0.100000
     0.100000     0.100000     0.100000     0.100000     0.100000     0.100000
     0.100000     0.100000     0.100000     0.100000     0.100000     0.100000
     0.100000     0.100000     0.100000     0.100000     0.100000     0.100000
     0.100000     0.100000     0.100000     0.100000     0.100000     0.100000
     0.100000     0.100000     0.100000     0.100000     0.100000     0.100000
     0.100000     0.100000     0.100000     0.100000     0.100000     0.100000
     0.100000     0.100000     0.100000     0.100000     0.100000     0.100000
     0.100000     0.100000     0.100000     0.100000     0.100000      48.0000
     0.100000     0.100000     0.100000     0.100000     0.100000     0.100000
     0.100000     0.100000     0.100000     0.100000     0.100000     0.100000
     0.100000     0.100000     0.100000     0.100000     0.100000     0.100000
     0.100000     0.100000     0.100000     0.100000     0.100000     0.100000
     0.100000     0.100000     0.100000     0.100000     0.100000     0.100000
     0.100000     0.100000     0.100000     0.100000     0.100000     0.100000
     0.100000     0.100000     0.100000     0.100000     0.100000     0.100000
     0.100000     0.100000     0.100000     0.100000     0.100000     0.100000
     0.100000     0.100000     0.100000     0.100000     0.100000     0.100000
      49.0000     0.100000     0.100000     0.100000     0.100000     0.100000
     0.100000     0.100000     0.100000     0.100000     0.100000     0.100000
     0.100000     0.100000     0.100000     0.100000     0.100000     0.100000
     0.100000     0.100000     0.100000     0.100000     0.100000     0.100000
     0.100000     0.100000     0.100000     0.100000     0.100000     0.100000
     0.100000     0.100000     0.100000     0.100000     0.100000     0.100000
     0.100000     0.100000     0.100000     0.100000     0.100000     0.100000
     0.100000     0.100000     0.100000     0.100000     0.100000     0.100000
     0.100000     0.100000     0.100000     0.100000     0.100000     0.100000
     0.100000      50.0000     0.100000     0.100000     0.100000     0.100000
     0.100000     0.100000     0.100000     0.100000     0.100000     0.100000
     0.100000     0.100000     0.100000     0.100000     0.100000     0.100000
     0.100000     0.100000     0.100000     0.100000     0.100000     0.100000
     0.100000     0.100000     0.100000     0.100000     0.100000     0.100000
     0.100000     0.100000     0.100000     0.100000     0.100000     0.100000
     0.100000     0.100000     0.100000     0.100000     0.100000     0.100000
     0.100000     0.100000     0.100000     0.100000     0.100000     0.100000
     0.100000     0.100000     0.100000     0.100000     0.100000     0.100000
     0.100000     0.100000      51.0000     0.100000     0.100000     0.100000
     0.100000     0.100000     0.100000     0.100000     0.100000     0.100000
     0.100000     0.100000     0.100000     0.100000     0.100000     0.100000
     0.100000     0.100000     0.100000     0.100000     0.100000     0.100000
     0.100000     0.100000     0.100000     0.100000     0.100000     0.100000
     0.100000     0.100000     0.100000     0.100000     0.100000     0.100000
     0.100000     0.100000     0.100000     0.100000     0.100000     0.100000
     0.100000     0.100000     0.100000     0.100000     0.100000     0.100000
     0.100000     0.100000     0.100000     0.100000     0.100000     0.100000
     0.100000     0.100000     0.100000      52.0000     0.100000     0.100000
     0.100000     0.100000     0.100000     0.100000     0.100000     0.100000
     0.100000     0.100000     0.100000     0.100000     0.100000     0.100000
     0.100000     0.100000     0.100000     0.100000     0.100000     0.100000
     0.100000     0.100000     0.100000     0.100000     0.100000     0.100000
     0.100000     0.100000     0.100000     0.100000     0.100000     0.100000
     0.100000     0.100000     0.100000     0.100000     0.100000     0.100000
     0.100000     0.100000     0.100000     0.100000     0.100000     0.100000
     0.100000     0.100000     0.100000     0.100000     0.100000     0.100000
     0.100000     0.100000     0.100000     0.100000      53.0000     0.100000
     0.100000     0.100000     0.100000     0.100000     0.100000     0.100000
     0.100000     0.100000     0.100000     0.100000     0.100000     0.100000
     0.100000     0.100000     0.100000     0.100000     0.100000     0.100000
     0.100000     0.100000     0.100000     0.100000     0.100000     0.100000
     0.100000     0.100000     0.100000     0.100000     0.100000     0.100000
     0.100000     0.100000     0.100000     0.100000     0.100000     0.100000
     0.100000     0.100000     0.100000     0.100000     0.100000     0.100000
     0.100000     0.100000     0.100000     0.100000     0.100000     0.100000
     0.100000     0.100000     0.100000     0.100000     0.100000      54.0000
